iter    0 val 0.186183065 (2.263306678 from ideal, 1.186183065 from prev)
iter    1 val 2.427595652 (0.021894090 from ideal, 2.241412588 from prev)
iter    2 val 2.432347829 (0.017141914 from ideal, 0.004752177 from prev)
iter    3 val 2.436193393 (0.013296350 from ideal, 0.003845564 from prev)
iter    4 val 2.439482506 (0.010007237 from ideal, 0.003289112 from prev)
iter    5 val 2.442235168 (0.007254575 from ideal, 0.002752663 from prev)
iter    6 val 2.444430621 (0.005059121 from ideal, 0.002195453 from prev)
iter    7 val 2.446089476 (0.003400266 from ideal, 0.001658855 from prev)
iter    8 val 2.447279359 (0.002210383 from ideal, 0.001189883 from prev)
iter    9 val 2.448093927 (0.001395816 from ideal, 0.000814568 from prev)
iter   10 val 2.448629608 (0.000860135 from ideal, 0.000535681 from prev)
iter   11 val 2.448970265 (0.000519478 from ideal, 0.000340657 from prev)
iter   12 val 2.449181054 (0.000308689 from ideal, 0.000210789 from prev)
iter   13 val 2.449308660 (0.000181083 from ideal, 0.000127606 from prev)
iter   14 val 2.449384583 (0.000105160 from ideal, 0.000075923 from prev)
iter   15 val 2.449429150 (0.000060593 from ideal, 0.000044567 from prev)
iter   16 val 2.449455039 (0.000034704 from ideal, 0.000025889 from prev)
iter   17 val 2.449469956 (0.000019786 from ideal, 0.000014917 from prev)
iter   18 val 2.449478499 (0.000011244 from ideal, 0.000008542 from prev)
iter   19 val 2.449483366 (0.000006376 from ideal, 0.000004868 from prev)
iter   20 val 2.449486131 (0.000003612 from ideal, 0.000002764 from prev)
iter   21 val 2.449487695 (0.000002048 from ideal, 0.000001564 from prev)
iter   22 val 2.449488578 (0.000001165 from ideal, 0.000000883 from prev)
iter   23 val 2.449489076 (0.000000667 from ideal, 0.000000498 from prev)
iter   24 val 2.449489355 (0.000000388 from ideal, 0.000000279 from prev)
iter   25 val 2.449489512 (0.000000231 from ideal, 0.000000157 from prev)
iter   26 val 2.449489599 (0.000000143 from ideal, 0.000000088 from prev)
iter   27 val 2.449489649 (0.000000094 from ideal, 0.000000049 from prev)
iter   28 val 2.449489676 (0.000000067 from ideal, 0.000000027 from prev)
iter   29 val 2.449489691 (0.000000052 from ideal, 0.000000015 from prev)
iter   30 val 2.449489699 (0.000000044 from ideal, 0.000000008 from prev)
iter   31 val 2.449489703 (0.000000039 from ideal, 0.000000004 from prev)
iter   32 val 2.449489706 (0.000000037 from ideal, 0.000000002 from prev)
iter   33 val 2.449489708 (0.000000035 from ideal, 0.000000002 from prev)
iter   34 val 2.449489708 (0.000000035 from ideal, 0.000000000 from prev)
iter   35 val 2.449489708 (0.000000034 from ideal, 0.000000000 from prev)
iter   36 val 2.449489708 (0.000000035 from ideal, 0.000000000 from prev)
iter   37 val 2.449489709 (0.000000034 from ideal, 0.000000000 from prev)
iter   38 val 2.449489709 (0.000000034 from ideal, 0.000000000 from prev)
iter   39 val 2.449489709 (0.000000034 from ideal, 0.000000000 from prev)
iter   40 val 2.449489708 (0.000000034 from ideal, 0.000000000 from prev)

A[0][0] = { { +0.421229888+0.000000000i , -0.324775139+0.246566071i , -0.159618000-0.228130742i },
            { -0.324775139-0.246566071i , +0.394733917+0.000000000i , -0.010467780+0.269324623i },
            { -0.159618000+0.228130742i , -0.010467780-0.269324623i , +0.184036192+0.000000000i } }

A[0][1] = { { +0.014862801+0.000000000i , -0.022521776-0.066765377i , -0.086096882+0.047585452i },
            { -0.022521776+0.066765377i , +0.334045186+0.000000000i , -0.083295595-0.458863806i },
            { -0.086096882-0.047585452i , -0.083295595+0.458863806i , +0.651092011+0.000000000i } }

A[0][2] = { { +0.563907308+0.000000000i , +0.347296914-0.179800694i , +0.245714882+0.180545291i },
            { +0.347296914+0.179800694i , +0.271220895+0.000000000i , +0.093763375+0.189539184i },
            { +0.245714882-0.180545291i , +0.093763375-0.189539184i , +0.164871795+0.000000000i } }

A[1][0] = { { +0.146061354+0.000000000i , -0.340599574+0.079181758i , -0.006964652-0.049001085i },
            { -0.340599574-0.079181758i , +0.837167515+0.000000000i , -0.010323293+0.118040960i },
            { -0.006964652+0.049001085i , -0.010323293-0.118040960i , +0.016771129+0.000000000i } }

A[1][1] = { { +0.825024389+0.000000000i , +0.344184189-0.094392248i , -0.109892930-0.070071615i },
            { +0.344184189+0.094392248i , +0.154386530+0.000000000i , -0.037828205-0.041805531i },
            { -0.109892930+0.070071615i , -0.037828205+0.041805531i , +0.020589078+0.000000000i } }

A[1][2] = { { +0.028914254+0.000000000i , -0.003584615+0.015210489i , +0.116857583+0.119072700i },
            { -0.003584615-0.015210489i , +0.008445953+0.000000000i , +0.048151498-0.076235429i },
            { +0.116857583-0.119072700i , +0.048151498+0.076235429i , +0.962639790+0.000000000i } }

A[2][0] = { { +0.544120827+0.000000000i , -0.376723610+0.319261382i , +0.049456528+0.041939090i },
            { -0.376723610-0.319261382i , +0.448151407+0.000000000i , -0.009633726-0.058055134i },
            { +0.049456528-0.041939090i , -0.009633726+0.058055134i , +0.007727764+0.000000000i } }

A[2][1] = { { +0.113258224+0.000000000i , +0.116196199-0.109845623i , +0.245238639+0.121330894i },
            { +0.116196199+0.109845623i , +0.225746235+0.000000000i , +0.133925199+0.362327600i },
            { +0.245238639-0.121330894i , +0.133925199-0.362327600i , +0.660995538+0.000000000i } }

A[2][2] = { { +0.342620947+0.000000000i , +0.260527412-0.209415759i , -0.294695167-0.163269984i },
            { +0.260527412+0.209415759i , +0.326102356+0.000000000i , -0.124291473-0.304272465i },
            { -0.294695167+0.163269984i , -0.124291473+0.304272465i , +0.331276695+0.000000000i } }

A[3][0] = { { +0.482171182+0.000000000i , +0.205580337-0.192994103i , +0.303339692-0.279566017i },
            { +0.205580337+0.192994103i , +0.164899945+0.000000000i , +0.241232315+0.002218089i },
            { +0.303339692+0.279566017i , +0.241232315-0.002218089i , +0.352928871+0.000000000i } }

A[3][1] = { { +0.191064909+0.000000000i , -0.297972182-0.109998694i , +0.038758409+0.228406996i },
            { -0.297972182+0.109998694i , +0.528025464+0.000000000i , -0.191942107-0.333894682i },
            { +0.038758409-0.228406996i , -0.191942107+0.333894682i , +0.280909625+0.000000000i } }

A[3][2] = { { +0.326763907+0.000000000i , +0.092391845+0.302992796i , -0.342098102+0.051159020i },
            { +0.092391845-0.302992796i , +0.307074589+0.000000000i , -0.049290208+0.331676593i },
            { -0.342098102-0.051159020i , -0.049290208-0.331676593i , +0.366161501+0.000000000i } }

A[4][0] = { { +0.069993248+0.000000000i , +0.138176823-0.041496708i , +0.160997353-0.135496246i },
            { +0.138176823+0.041496708i , +0.297383142+0.000000000i , +0.398163420-0.172039183i },
            { +0.160997353+0.135496246i , +0.398163420+0.172039183i , +0.632623608+0.000000000i } }

A[4][1] = { { +0.864253041+0.000000000i , +0.017187065+0.181278870i , -0.280060339+0.075686832i },
            { +0.017187065-0.181278870i , +0.038365416+0.000000000i , +0.010306016+0.060248394i },
            { -0.280060339-0.075686832i , +0.010306016-0.060248394i , +0.097381540+0.000000000i } }

A[4][2] = { { +0.065753709+0.000000000i , -0.155363888-0.139782162i , +0.119062985+0.059809414i },
            { -0.155363888+0.139782162i , +0.664251439+0.000000000i , -0.408469437+0.111790790i },
            { +0.119062985-0.059809414i , -0.408469437-0.111790790i , +0.269994849+0.000000000i } }

A[5][0] = { { +0.315763555+0.000000000i , +0.316341723+0.042287137i , +0.132724514-0.310774578i },
            { +0.316341723-0.042287137i , +0.322584068+0.000000000i , +0.091348526-0.329118126i },
            { +0.132724514+0.310774578i , +0.091348526+0.329118126i , +0.361652375+0.000000000i } }

A[5][1] = { { +0.000195555+0.000000000i , +0.003425633+0.009525519i , -0.009605640+0.000879488i },
            { +0.003425633-0.009525519i , +0.524010305+0.000000000i , -0.125429690+0.483309861i },
            { -0.009605640-0.000879488i , -0.125429690-0.483309861i , +0.475794138+0.000000000i } }

A[5][2] = { { +0.684040888+0.000000000i , -0.319767356-0.051812657i , -0.123118874+0.309895089i },
            { -0.319767356+0.051812657i , +0.153405624+0.000000000i , +0.034081164-0.154191735i },
            { -0.123118874-0.309895089i , +0.034081164+0.154191735i , +0.162553485+0.000000000i } }

A[6][0] = { { +0.410542521+0.000000000i , +0.288806019-0.046464876i , -0.159765479+0.361807187i },
            { +0.288806019+0.046464876i , +0.208426410+0.000000000i , -0.153339924+0.236439854i },
            { -0.159765479-0.361807187i , -0.153339924-0.236439854i , +0.381031067+0.000000000i } }

A[6][1] = { { +0.047065971+0.000000000i , -0.083113621+0.159877386i , +0.085495041+0.071222938i },
            { -0.083113621-0.159877386i , +0.689854141+0.000000000i , +0.090960317-0.416188619i },
            { +0.085495041-0.071222938i , +0.090960317+0.416188619i , +0.263079886+0.000000000i } }

A[6][2] = { { +0.542391506+0.000000000i , -0.205692398-0.113412510i , +0.074270438-0.433030125i },
            { -0.205692398+0.113412510i , +0.101719447+0.000000000i , +0.062379607+0.179748765i },
            { +0.074270438+0.433030125i , +0.062379607-0.179748765i , +0.355889045+0.000000000i } }

A[7][0] = { { +0.134449171+0.000000000i , +0.032479154-0.154637930i , -0.013445484+0.302033152i },
            { +0.032479154+0.154637930i , +0.185704272+0.000000000i , -0.350634210+0.057498305i },
            { -0.013445484-0.302033152i , -0.350634210-0.057498305i , +0.679846554+0.000000000i } }

A[7][1] = { { +0.856351486+0.000000000i , +0.043141710+0.191496235i , +0.055382688-0.285332006i },
            { +0.043141710-0.191496235i , +0.044995566+0.000000000i , -0.061015483-0.026759208i },
            { +0.055382688+0.285332006i , -0.061015483+0.026759208i , +0.098652946+0.000000000i } }

A[7][2] = { { +0.009199341+0.000000000i , -0.075620864-0.036858305i , -0.041937203-0.016701145i },
            { -0.075620864+0.036858305i , +0.769300160+0.000000000i , +0.411649693-0.030739097i },
            { -0.041937203+0.016701145i , +0.411649693+0.030739097i , +0.221500497+0.000000000i } }

A[8][0] = { { +0.475791598+0.000000000i , +0.060723283-0.251651575i , -0.306710214+0.297198513i },
            { +0.060723283+0.251651575i , +0.140851240+0.000000000i , -0.196335807-0.124292322i },
            { -0.306710214-0.297198513i , -0.196335807+0.124292322i , +0.383357160+0.000000000i } }

A[8][1] = { { +0.087863786+0.000000000i , -0.120528057-0.161064392i , +0.060788781-0.189683182i },
            { -0.120528057+0.161064392i , +0.460585141+0.000000000i , +0.264323398+0.371632683i },
            { +0.060788781+0.189683182i , +0.264323398-0.371632683i , +0.451551070+0.000000000i } }

A[8][2] = { { +0.436344613+0.000000000i , +0.059804775+0.412715967i , +0.245921433-0.107515331i },
            { +0.059804775-0.412715967i , +0.398563617+0.000000000i , -0.067987591-0.247340361i },
            { +0.245921433+0.107515331i , -0.067987591+0.247340361i , +0.165091768+0.000000000i } }

B[0][0] = { { +0.376368832+0.000000000i , -0.402798976-0.249309559i , -0.045272764+0.090903486i },
            { -0.402798976+0.249309559i , +0.596229670+0.000000000i , -0.011763154-0.127276116i },
            { -0.045272764-0.090903486i , -0.011763154+0.127276116i , +0.027401490+0.000000000i } }

B[0][1] = { { +0.282277445+0.000000000i , +0.255144800+0.074302869i , +0.230783346+0.280563990i },
            { +0.255144800-0.074302869i , +0.250178628+0.000000000i , +0.282452179+0.192847777i },
            { +0.230783346-0.280563990i , +0.282452179-0.192847777i , +0.467543919+0.000000000i } }

B[0][2] = { { +0.341353715+0.000000000i , +0.147654176+0.175006690i , -0.185510582-0.371467475i },
            { +0.147654176-0.175006690i , +0.153591695+0.000000000i , -0.270689025-0.065571662i },
            { -0.185510582+0.371467475i , -0.270689025+0.065571662i , +0.505054583+0.000000000i } }

B[1][0] = { { +0.044593174+0.000000000i , -0.155994510+0.006534561i , +0.014742477-0.134202463i },
            { -0.155994510-0.006534561i , +0.546652799+0.000000000i , -0.071237341+0.467302656i },
            { +0.014742477+0.134202463i , -0.071237341-0.467302656i , +0.408754019+0.000000000i } }

B[1][1] = { { +0.930784525+0.000000000i , +0.156337172-0.107577323i , -0.129310519+0.108117049i },
            { +0.156337172+0.107577323i , +0.038692291+0.000000000i , -0.034215205+0.003214314i },
            { -0.129310519-0.108117049i , -0.034215205-0.003214314i , +0.030523177+0.000000000i } }

B[1][2] = { { +0.024622294+0.000000000i , -0.000342662+0.101042762i , +0.114568042+0.026085414i },
            { -0.000342662-0.101042762i , +0.414654902+0.000000000i , +0.105452546-0.470516971i },
            { +0.114568042-0.026085414i , +0.105452546+0.470516971i , +0.560722796+0.000000000i } }

moments 0 1 = { { +0.333314377-0.000000000i , +0.333271031+0.000000000i , +0.333414576+0.000000000i },
                { +0.333321800+0.000000000i , +0.333374514+0.000000000i , +0.333303671+0.000000000i },
                { +0.333363807+0.000000000i , +0.333354440-0.000000000i , +0.333281737+0.000000000i } }
finished in 1025 ms
final result = 2.44949 <= 2.44949 (0.00000 away)
