iter    0 val 4.836663657 (2.511805572 from ideal, 5.836663657 from prev)
iter    1 val 7.297946201 (0.050523027 from ideal, 2.461282544 from prev)
iter    2 val 7.317626618 (0.030842610 from ideal, 0.019680417 from prev)
iter    3 val 7.327929817 (0.020539412 from ideal, 0.010303199 from prev)
iter    4 val 7.334426938 (0.014042290 from ideal, 0.006497122 from prev)
iter    5 val 7.338917151 (0.009552077 from ideal, 0.004490213 from prev)
iter    6 val 7.342095941 (0.006373287 from ideal, 0.003178790 from prev)
iter    7 val 7.344320080 (0.004149148 from ideal, 0.002224139 from prev)
iter    8 val 7.345834835 (0.002634393 from ideal, 0.001514755 from prev)
iter    9 val 7.346834806 (0.001634423 from ideal, 0.000999970 from prev)
iter   10 val 7.347475395 (0.000993834 from ideal, 0.000640589 from prev)
iter   11 val 7.347874993 (0.000594235 from ideal, 0.000399599 from prev)
iter   12 val 7.348118737 (0.000350491 from ideal, 0.000243744 from prev)
iter   13 val 7.348264720 (0.000204508 from ideal, 0.000145983 from prev)
iter   14 val 7.348350901 (0.000118327 from ideal, 0.000086181 from prev)
iter   15 val 7.348401102 (0.000068127 from ideal, 0.000050200 from prev)
iter   16 val 7.348430200 (0.000039028 from ideal, 0.000029098 from prev)
iter   17 val 7.348446897 (0.000022331 from ideal, 0.000016697 from prev)
iter   18 val 7.348456439 (0.000012789 from ideal, 0.000009542 from prev)
iter   19 val 7.348461864 (0.000007365 from ideal, 0.000005424 from prev)
iter   20 val 7.348464937 (0.000004291 from ideal, 0.000003074 from prev)
iter   21 val 7.348466674 (0.000002555 from ideal, 0.000001736 from prev)
iter   22 val 7.348467653 (0.000001576 from ideal, 0.000000979 from prev)
iter   23 val 7.348468201 (0.000001027 from ideal, 0.000000548 from prev)
iter   24 val 7.348468509 (0.000000719 from ideal, 0.000000308 from prev)
iter   25 val 7.348468682 (0.000000547 from ideal, 0.000000172 from prev)
iter   26 val 7.348468777 (0.000000451 from ideal, 0.000000095 from prev)
iter   27 val 7.348468830 (0.000000398 from ideal, 0.000000053 from prev)
iter   28 val 7.348468860 (0.000000368 from ideal, 0.000000030 from prev)
iter   29 val 7.348468879 (0.000000350 from ideal, 0.000000018 from prev)
iter   30 val 7.348468885 (0.000000343 from ideal, 0.000000006 from prev)
iter   31 val 7.348468890 (0.000000339 from ideal, 0.000000005 from prev)
iter   32 val 7.348468891 (0.000000337 from ideal, 0.000000001 from prev)
iter   33 val 7.348468892 (0.000000336 from ideal, 0.000000001 from prev)
iter   34 val 7.348468893 (0.000000335 from ideal, 0.000000001 from prev)
iter   35 val 7.348468893 (0.000000335 from ideal, 0.000000000 from prev)
iter   36 val 7.348468893 (0.000000335 from ideal, 0.000000000 from prev)
iter   37 val 7.348468893 (0.000000335 from ideal, 0.000000000 from prev)
iter   38 val 7.348468893 (0.000000335 from ideal, 0.000000000 from prev)
iter   39 val 7.348468894 (0.000000334 from ideal, 0.000000001 from prev)
iter   40 val 7.348468893 (0.000000336 from ideal, 0.000000001 from prev)

A[0][0] = { { +0.884124748+0.000000000i , -0.271687949+0.115837234i , -0.123351253-0.000064169i },
            { -0.271687949-0.115837234i , +0.098665501+0.000000000i , +0.037896935+0.016181078i },
            { -0.123351253+0.000064169i , +0.037896935-0.016181078i , +0.017209741+0.000000000i } }
(0.999999990,0.000000000)

A[0][1] = { { +0.097382092+0.000000000i , +0.227549293-0.145388085i , +0.060212808+0.106568558i },
            { +0.227549293+0.145388085i , +0.748765755+0.000000000i , -0.018406028+0.338910630i },
            { +0.060212808-0.106568558i , -0.018406028-0.338910630i , +0.153852143+0.000000000i } }
(0.999999990,0.000000000)

A[0][2] = { { +0.018493150+0.000000000i , +0.044138656+0.029550851i , +0.063138445-0.106504389i },
            { +0.044138656-0.029550851i , +0.152568734+0.000000000i , -0.019490907-0.355091708i },
            { +0.063138445+0.106504389i , -0.019490907+0.355091708i , +0.828938106+0.000000000i } }
(0.999999990,0.000000000)

A[1][0] = { { +0.540064977+0.000000000i , -0.147388183+0.355798898i , -0.222604290+0.224779818i },
            { -0.147388183-0.355798898i , +0.274626498+0.000000000i , +0.208837182+0.085309130i },
            { -0.222604290-0.224779818i , +0.208837182-0.085309130i , +0.185308515+0.000000000i } }
(0.999999990,0.000000000)

A[1][1] = { { +0.331416016+0.000000000i , +0.089283447-0.063959099i , +0.268053683-0.371031461i },
            { +0.089283447+0.063959099i , +0.036396268+0.000000000i , +0.143817999-0.048224883i },
            { +0.268053683+0.371031461i , +0.143817999+0.048224883i , +0.632187706+0.000000000i } }
(0.999999990,0.000000000)

A[1][2] = { { +0.128518997+0.000000000i , +0.058104736-0.291839799i , -0.045449393+0.146251644i },
            { +0.058104736+0.291839799i , +0.688977224+0.000000000i , -0.352655180-0.037084248i },
            { -0.045449393-0.146251644i , -0.352655180+0.037084248i , +0.182503769+0.000000000i } }
(0.999999990,0.000000000)

A[2][0] = { { +0.641200163+0.000000000i , -0.013867770+0.416195904i , -0.191210610-0.141737891i },
            { -0.013867770-0.416195904i , +0.270448099+0.000000000i , -0.087865007+0.127178190i },
            { -0.191210610+0.141737891i , -0.087865007-0.127178190i , +0.088351728+0.000000000i } }
(0.999999990,0.000000000)

A[2][1] = { { +0.123467013+0.000000000i , -0.134955482-0.163640057i , -0.102557238+0.229594981i },
            { -0.134955482+0.163640057i , +0.364397368+0.000000000i , -0.192199280-0.386885357i },
            { -0.102557238-0.229594981i , -0.192199280+0.386885357i , +0.512135609+0.000000000i } }
(0.999999990,0.000000000)

A[2][2] = { { +0.235332814+0.000000000i , +0.148823252-0.252555847i , +0.293767848-0.087857090i },
            { +0.148823252+0.252555847i , +0.365154523+0.000000000i , +0.280064288+0.259707167i },
            { +0.293767848+0.087857090i , +0.280064288-0.259707167i , +0.399512653+0.000000000i } }
(0.999999990,0.000000000)

A[3][0] = { { +0.176464337+0.000000000i , -0.116405226-0.013828548i , +0.349045468+0.098744666i },
            { -0.116405226+0.013828548i , +0.077870729+0.000000000i , -0.237986981-0.037784443i },
            { +0.349045468-0.098744666i , -0.237986981+0.037784443i , +0.745664923+0.000000000i } }
(0.999999990,0.000000000)

A[3][1] = { { +0.175068539+0.000000000i , +0.237445553+0.285032005i , -0.020609399+0.079819457i },
            { +0.237445553-0.285032005i , +0.786112968+0.000000000i , +0.102002877+0.141813684i },
            { -0.020609399-0.079819457i , +0.102002877-0.141813684i , +0.038818483+0.000000000i } }
(0.999999990,0.000000000)

A[3][2] = { { +0.648467113+0.000000000i , -0.121040327-0.271203457i , -0.328436069-0.178564124i },
            { -0.121040327+0.271203457i , +0.136016293+0.000000000i , +0.135984103-0.104029241i },
            { -0.328436069+0.178564124i , +0.135984103+0.104029241i , +0.215516584+0.000000000i } }
(0.999999990,0.000000000)

A[4][0] = { { +0.154160328+0.000000000i , +0.061943178-0.170522123i , +0.060159842+0.306367347i },
            { +0.061943178+0.170522123i , +0.213509923+0.000000000i , -0.314710800+0.189646421i },
            { +0.060159842-0.306367347i , -0.314710800-0.189646421i , +0.632329739+0.000000000i } }
(0.999999990,0.000000000)

A[4][1] = { { +0.730980951+0.000000000i , +0.153138521-0.030096523i , -0.002354860-0.415072310i },
            { +0.153138521+0.030096523i , +0.033321280+0.000000000i , +0.016596357-0.087053481i },
            { -0.002354860+0.415072310i , +0.016596357+0.087053481i , +0.235697759+0.000000000i } }
(0.999999990,0.000000000)

A[4][2] = { { +0.114858711+0.000000000i , -0.215081699+0.200618647i , -0.057804983+0.108704963i },
            { -0.215081699-0.200618647i , +0.753168788+0.000000000i , +0.298114444-0.102592940i },
            { -0.057804983-0.108704963i , +0.298114444+0.102592940i , +0.131972491+0.000000000i } }
(0.999999990,0.000000000)

A[5][0] = { { +0.075708525+0.000000000i , -0.071190157-0.111035527i , +0.222152405-0.056816456i },
            { -0.071190157+0.111035527i , +0.229788301+0.000000000i , -0.125566090+0.379238515i },
            { +0.222152405+0.056816456i , -0.125566090-0.379238515i , +0.694503164+0.000000000i } }
(0.999999990,0.000000000)

A[5][1] = { { +0.343494074+0.000000000i , -0.337683933-0.130732756i , -0.242315071+0.188859139i },
            { -0.337683933+0.130732756i , +0.381728610+0.000000000i , +0.166337177-0.277889006i },
            { -0.242315071-0.188859139i , +0.166337177+0.277889006i , +0.274777306+0.000000000i } }
(0.999999990,0.000000000)

A[5][2] = { { +0.580797390+0.000000000i , +0.408874090+0.241768283i , +0.020162666-0.132042683i },
            { +0.408874090-0.241768283i , +0.388483079+0.000000000i , -0.040771088-0.101349509i },
            { +0.020162666+0.132042683i , -0.040771088+0.101349509i , +0.030719520+0.000000000i } }
(0.999999990,0.000000000)

A[6][0] = { { +0.189998925+0.000000000i , +0.126899956-0.243196353i , -0.162948438-0.228252158i },
            { +0.126899956+0.243196353i , +0.396044747+0.000000000i , +0.183327057-0.361021344i },
            { -0.162948438+0.228252158i , +0.183327057+0.361021344i , +0.413956318+0.000000000i } }
(0.999999990,0.000000000)

A[6][1] = { { +0.130842252+0.000000000i , +0.156742107+0.196294299i , -0.189104397+0.121911937i },
            { +0.156742107-0.196294299i , +0.482256690+0.000000000i , -0.043640401+0.429745423i },
            { -0.189104397-0.121911937i , -0.043640401-0.429745423i , +0.386901048+0.000000000i } }
(0.999999990,0.000000000)

A[6][2] = { { +0.679158813+0.000000000i , -0.283642063+0.046902053i , +0.352052836+0.106340221i },
            { -0.283642063-0.046902053i , +0.121698553+0.000000000i , -0.139686655-0.068724079i },
            { +0.352052836-0.106340221i , -0.139686655+0.068724079i , +0.199142624+0.000000000i } }
(0.999999990,0.000000000)

A[7][0] = { { +0.043275044+0.000000000i , +0.057249346-0.185738637i , -0.047387459-0.037153750i },
            { +0.057249346+0.185738637i , +0.872935908+0.000000000i , +0.096776089-0.252540749i },
            { -0.047387459+0.037153750i , +0.096776089+0.252540749i , +0.083789037+0.000000000i } }
(0.999999990,0.000000000)

A[7][1] = { { +0.562335305+0.000000000i , -0.175450974+0.095239666i , +0.233624886-0.389461223i },
            { -0.175450974-0.095239666i , +0.070871667+0.000000000i , -0.138852874+0.081945779i },
            { +0.233624886+0.389461223i , -0.138852874-0.081945779i , +0.366793018+0.000000000i } }
(0.999999990,0.000000000)

A[7][2] = { { +0.394389641+0.000000000i , +0.118201628+0.090498971i , -0.186237427+0.426614973i },
            { +0.118201628-0.090498971i , +0.056192415+0.000000000i , +0.042076786+0.170594970i },
            { -0.186237427-0.426614973i , +0.042076786-0.170594970i , +0.549417934+0.000000000i } }
(0.999999990,0.000000000)

A[8][0] = { { +0.294929585+0.000000000i , +0.374487465-0.163480771i , +0.116040279-0.165873230i },
            { +0.374487465+0.163480771i , +0.566124427+0.000000000i , +0.239286660-0.146296215i },
            { +0.116040279+0.165873230i , +0.239286660+0.146296215i , +0.138945977+0.000000000i } }
(0.999999990,0.000000000)

A[8][1] = { { +0.505048046+0.000000000i , -0.215988890-0.042597635i , -0.004971608+0.448869706i },
            { -0.215988890+0.042597635i , +0.095962682+0.000000000i , -0.035733202-0.192382970i },
            { -0.004971608-0.448869706i , -0.035733202+0.192382970i , +0.398989263+0.000000000i } }
(0.999999990,0.000000000)

A[8][2] = { { +0.200022359+0.000000000i , -0.158498575+0.206078406i , -0.111068672-0.282996476i },
            { -0.158498575-0.206078406i , +0.337912881+0.000000000i , -0.203553458+0.338679185i },
            { -0.111068672+0.282996476i , -0.203553458-0.338679185i , +0.462064750+0.000000000i } }
(0.999999990,0.000000000)

B[0][0] = { { +0.745157661+0.000000000i , -0.167343505-0.343171204i , -0.207601160-0.032080467i },
            { -0.167343505+0.343171204i , +0.195623463+0.000000000i , +0.061396132-0.088403147i },
            { -0.207601160+0.032080467i , +0.061396132+0.088403147i , +0.059218873+0.000000000i } }

B[0][1] = { { +0.103864084+0.000000000i , -0.048583391+0.114179434i , +0.244032259-0.134637681i },
            { -0.048583391-0.114179434i , +0.148244591+0.000000000i , -0.262157691-0.205290501i },
            { +0.244032259+0.134637681i , -0.262157691+0.205290501i , +0.747891321+0.000000000i } }

B[0][2] = { { +0.150978252+0.000000000i , +0.215926896+0.228991770i , -0.036431099+0.166718148i },
            { +0.215926896-0.228991770i , +0.656131942+0.000000000i , +0.200761559+0.293693648i },
            { -0.036431099-0.166718148i , +0.200761559-0.293693648i , +0.192889803+0.000000000i } }

B[1][0] = { { +0.102680087+0.000000000i , +0.240296084-0.129835736i , -0.057780939-0.119158396i },
            { +0.240296084+0.129835736i , +0.726523794+0.000000000i , +0.015450753-0.351921467i },
            { -0.057780939+0.119158396i , +0.015450753+0.351921467i , +0.170796116+0.000000000i } }

B[1][1] = { { +0.574806898+0.000000000i , +0.025887046-0.000433480i , +0.193010588+0.454401270i },
            { +0.025887046+0.000433480i , +0.001166176+0.000000000i , +0.008349761+0.020610006i },
            { +0.193010588-0.454401270i , +0.008349761-0.020610006i , +0.424026923+0.000000000i } }

B[1][2] = { { +0.322513012+0.000000000i , -0.266183130+0.130269216i , -0.135229649-0.335242874i },
            { -0.266183130-0.130269216i , +0.272310027+0.000000000i , -0.023800514+0.331311461i },
            { -0.135229649+0.335242874i , -0.023800514-0.331311461i , +0.405176957+0.000000000i } }

moments 0 1 = { { +0.333195358+0.000000000i , +0.333381802+0.000000000i , +0.333422833+0.000000000i },
                { +0.333383785+0.000000000i , +0.333388945+0.000000000i , +0.333227263-0.000000000i },
                { +0.333420849+0.000000000i , +0.333229246-0.000000000i , +0.333349897+0.000000000i } }
iterations = 40
time elapsed = 868 ms
final result = 7.34847 <= 7.34847 (0.00000 away)
