iter    0 val 15.286164784 (6.759242901 from ideal, 16.286164784 from prev)
iter    1 val 21.738324536 (0.307083149 from ideal, 6.452159752 from prev)
iter    2 val 21.825347827 (0.220059858 from ideal, 0.087023291 from prev)
iter    3 val 21.868357192 (0.177050493 from ideal, 0.043009364 from prev)
iter    4 val 21.892826747 (0.152580938 from ideal, 0.024469555 from prev)
iter    5 val 21.909153396 (0.136254289 from ideal, 0.016326649 from prev)
iter    6 val 21.921738795 (0.123668890 from ideal, 0.012585399 from prev)
iter    7 val 21.932517933 (0.112889752 from ideal, 0.010779139 from prev)
iter    8 val 21.942365396 (0.103042289 from ideal, 0.009847462 from prev)
iter    9 val 21.951674039 (0.093733646 from ideal, 0.009308643 from prev)
iter   10 val 21.960603980 (0.084803705 from ideal, 0.008929941 from prev)
iter   11 val 21.969196477 (0.076211208 from ideal, 0.008592497 from prev)
iter   12 val 21.977431038 (0.067976647 from ideal, 0.008234562 from prev)
iter   13 val 21.985257333 (0.060150352 from ideal, 0.007826295 from prev)
iter   14 val 21.992615353 (0.052792332 from ideal, 0.007358020 from prev)
iter   15 val 21.999449039 (0.045958646 from ideal, 0.006833686 from prev)
iter   16 val 22.005715247 (0.039692438 from ideal, 0.006266207 from prev)
iter   17 val 22.011388847 (0.034018838 from ideal, 0.005673600 from prev)
iter   18 val 22.016463927 (0.028943758 from ideal, 0.005075080 from prev)
iter   19 val 22.020952536 (0.024455149 from ideal, 0.004488609 from prev)
iter   20 val 22.024877608 (0.020530077 from ideal, 0.003925072 from prev)
iter   21 val 22.028282322 (0.017125363 from ideal, 0.003404714 from prev)
iter   22 val 22.031208603 (0.014199082 from ideal, 0.002926281 from prev)
iter   23 val 22.033703294 (0.011704392 from ideal, 0.002494691 from prev)
iter   24 val 22.035813808 (0.009593877 from ideal, 0.002110514 from prev)
iter   25 val 22.037586300 (0.007821385 from ideal, 0.001772492 from prev)
iter   26 val 22.039064503 (0.006343183 from ideal, 0.001478202 from prev)
iter   27 val 22.040288972 (0.005118713 from ideal, 0.001224469 from prev)
iter   28 val 22.041296638 (0.004111047 from ideal, 0.001007666 from prev)
iter   29 val 22.042120699 (0.003286986 from ideal, 0.000824061 from prev)
iter   30 val 22.042790608 (0.002617077 from ideal, 0.000669909 from prev)
iter   31 val 22.043332124 (0.002075561 from ideal, 0.000541516 from prev)
iter   32 val 22.043767516 (0.001640169 from ideal, 0.000435392 from prev)
iter   33 val 22.044115856 (0.001291829 from ideal, 0.000348340 from prev)
iter   34 val 22.044393271 (0.001014414 from ideal, 0.000277415 from prev)
iter   35 val 22.044613281 (0.000794404 from ideal, 0.000220010 from prev)
iter   36 val 22.044787100 (0.000620585 from ideal, 0.000173819 from prev)
iter   37 val 22.044923948 (0.000483737 from ideal, 0.000136849 from prev)
iter   38 val 22.045031353 (0.000376332 from ideal, 0.000107404 from prev)
iter   39 val 22.045115409 (0.000292276 from ideal, 0.000084056 from prev)
iter   40 val 22.045181027 (0.000226658 from ideal, 0.000065619 from prev)
iter   41 val 22.045232136 (0.000175549 from ideal, 0.000051109 from prev)
iter   42 val 22.045271864 (0.000135821 from ideal, 0.000039728 from prev)
iter   43 val 22.045302688 (0.000104997 from ideal, 0.000030824 from prev)
iter   44 val 22.045326564 (0.000081121 from ideal, 0.000023877 from prev)
iter   45 val 22.045345037 (0.000062648 from ideal, 0.000018473 from prev)
iter   46 val 22.045359310 (0.000048376 from ideal, 0.000014272 from prev)
iter   47 val 22.045370326 (0.000037359 from ideal, 0.000011017 from prev)
iter   48 val 22.045378817 (0.000028868 from ideal, 0.000008490 from prev)
iter   49 val 22.045385361 (0.000022324 from ideal, 0.000006544 from prev)
iter   50 val 22.045390395 (0.000017290 from ideal, 0.000005035 from prev)
iter   51 val 22.045394272 (0.000013413 from ideal, 0.000003877 from prev)
iter   52 val 22.045397248 (0.000010437 from ideal, 0.000002976 from prev)
iter   53 val 22.045399538 (0.000008147 from ideal, 0.000002290 from prev)
iter   54 val 22.045401295 (0.000006390 from ideal, 0.000001757 from prev)
iter   55 val 22.045402645 (0.000005040 from ideal, 0.000001350 from prev)
iter   56 val 22.045403682 (0.000004003 from ideal, 0.000001037 from prev)
iter   57 val 22.045404533 (0.000003152 from ideal, 0.000000851 from prev)
iter   58 val 22.045405090 (0.000002595 from ideal, 0.000000556 from prev)
iter   59 val 22.045405557 (0.000002128 from ideal, 0.000000467 from prev)
iter   60 val 22.045405928 (0.000001757 from ideal, 0.000000372 from prev)
iter   61 val 22.045406188 (0.000001497 from ideal, 0.000000260 from prev)
iter   62 val 22.045406400 (0.000001285 from ideal, 0.000000212 from prev)
iter   63 val 22.045406561 (0.000001124 from ideal, 0.000000161 from prev)
iter   64 val 22.045406683 (0.000001002 from ideal, 0.000000122 from prev)
iter   65 val 22.045406778 (0.000000907 from ideal, 0.000000095 from prev)
iter   66 val 22.045406850 (0.000000835 from ideal, 0.000000072 from prev)
iter   67 val 22.045406906 (0.000000779 from ideal, 0.000000056 from prev)
iter   68 val 22.045406948 (0.000000737 from ideal, 0.000000041 from prev)
iter   69 val 22.045406980 (0.000000705 from ideal, 0.000000033 from prev)
iter   70 val 22.045407005 (0.000000680 from ideal, 0.000000025 from prev)
iter   71 val 22.045407024 (0.000000661 from ideal, 0.000000019 from prev)
iter   72 val 22.045407039 (0.000000646 from ideal, 0.000000015 from prev)
iter   73 val 22.045407050 (0.000000635 from ideal, 0.000000011 from prev)
iter   74 val 22.045407059 (0.000000626 from ideal, 0.000000009 from prev)
iter   75 val 22.045407073 (0.000000612 from ideal, 0.000000014 from prev)
iter   76 val 22.045407071 (0.000000615 from ideal, 0.000000002 from prev)
iter   77 val 22.045407078 (0.000000607 from ideal, 0.000000007 from prev)
iter   78 val 22.045407077 (0.000000608 from ideal, 0.000000001 from prev)
iter   79 val 22.045407080 (0.000000605 from ideal, 0.000000003 from prev)
iter   80 val 22.045407079 (0.000000607 from ideal, 0.000000001 from prev)
iter   81 val 22.045407082 (0.000000603 from ideal, 0.000000004 from prev)
iter   82 val 22.045407083 (0.000000602 from ideal, 0.000000001 from prev)
iter   83 val 22.045407085 (0.000000600 from ideal, 0.000000002 from prev)
iter   84 val 22.045407085 (0.000000600 from ideal, 0.000000001 from prev)
iter   85 val 22.045407086 (0.000000599 from ideal, 0.000000001 from prev)
iter   86 val 22.045407086 (0.000000599 from ideal, 0.000000000 from prev)

A[0][0] = { { +0.154627199+0.000000000i , -0.086590635-0.156669000i , +0.290680724-0.119076522i },
            { -0.086590635+0.156669000i , +0.207228221+0.000000000i , -0.042131201+0.361201498i },
            { +0.290680724+0.119076522i , -0.042131201-0.361201498i , +0.638144573+0.000000000i } }
(0.999999993,0.000000000)

A[0][1] = { { +0.185171993+0.000000000i , -0.153811440-0.247303629i , -0.234480771+0.105285484i },
            { -0.153811440+0.247303629i , +0.458044731+0.000000000i , +0.054156913-0.400611686i },
            { -0.234480771-0.105285484i , +0.054156913+0.400611686i , +0.356783269+0.000000000i } }
(0.999999993,0.000000000)

A[0][2] = { { +0.660200801+0.000000000i , +0.240402075+0.403972629i , -0.056199953+0.013791038i },
            { +0.240402075-0.403972629i , +0.334727041+0.000000000i , -0.012025711+0.039410187i },
            { -0.056199953-0.013791038i , -0.012025711-0.039410187i , +0.005072151+0.000000000i } }
(0.999999993,0.000000000)

A[1][0] = { { +0.281345275+0.000000000i , +0.064280049-0.343528685i , +0.233289953-0.160068770i },
            { +0.064280049+0.343528685i , +0.434142311+0.000000000i , +0.248748128+0.248280562i },
            { +0.233289953+0.160068770i , +0.248748128-0.248280562i , +0.284512407+0.000000000i } }
(0.999999993,0.000000000)

A[1][1] = { { +0.289879537+0.000000000i , +0.174896511+0.306318715i , -0.123292270-0.257348881i },
            { +0.174896511-0.306318715i , +0.429212602+0.000000000i , -0.346330660-0.024985195i },
            { -0.123292270+0.257348881i , -0.346330660+0.024985195i , +0.280907855+0.000000000i } }
(0.999999993,0.000000000)

A[1][2] = { { +0.428775182+0.000000000i , -0.239176560+0.037209971i , -0.109997683+0.417417651i },
            { -0.239176560-0.037209971i , +0.136645080+0.000000000i , +0.097582532-0.223295368i },
            { -0.109997683-0.417417651i , +0.097582532+0.223295368i , +0.434579731+0.000000000i } }
(0.999999993,0.000000000)

A[2][0] = { { +0.274608681+0.000000000i , -0.302146867-0.147052714i , +0.026502801-0.292539080i },
            { -0.302146867+0.147052714i , +0.411193255+0.000000000i , +0.127493870+0.336067580i },
            { +0.026502801+0.292539080i , +0.127493870-0.336067580i , +0.314198058+0.000000000i } }
(0.999999993,0.000000000)

A[2][1] = { { +0.646556914+0.000000000i , +0.115267681+0.212964548i , +0.126477507+0.392280457i },
            { +0.115267681-0.212964548i , +0.090696646+0.000000000i , +0.151758638+0.028275976i },
            { +0.126477507-0.392280457i , +0.151758638-0.028275976i , +0.262746434+0.000000000i } }
(0.999999993,0.000000000)

A[2][2] = { { +0.078834398+0.000000000i , +0.186879186-0.065911834i , -0.152980308-0.099741378i },
            { +0.186879186+0.065911834i , +0.498110093+0.000000000i , -0.279252508-0.364343557i },
            { -0.152980308+0.099741378i , -0.279252508+0.364343557i , +0.423055502+0.000000000i } }
(0.999999993,0.000000000)

A[3][0] = { { +0.437802481+0.000000000i , -0.000160507+0.399763265i , +0.291995283-0.032550230i },
            { -0.000160507-0.399763265i , +0.365029217+0.000000000i , -0.029829106-0.266612836i },
            { +0.291995283+0.032550230i , -0.029829106+0.266612836i , +0.197168295+0.000000000i } }
(0.999999993,0.000000000)

A[3][1] = { { +0.499509487+0.000000000i , -0.133190588-0.397093268i , -0.222942573-0.157713535i },
            { -0.133190588+0.397093268i , +0.351190126+0.000000000i , +0.184822988-0.135178678i },
            { -0.222942573+0.157713535i , +0.184822988+0.135178678i , +0.149300379+0.000000000i } }
(0.999999993,0.000000000)

A[3][2] = { { +0.062688025+0.000000000i , +0.133351095-0.002669997i , -0.069052710+0.190263765i },
            { +0.133351095+0.002669997i , +0.283780649+0.000000000i , -0.154993882+0.401791515i },
            { -0.069052710-0.190263765i , -0.154993882-0.401791515i , +0.653531319+0.000000000i } }
(0.999999993,0.000000000)

A[4][0] = { { +0.143324963+0.000000000i , -0.083517174+0.248514722i , +0.133267679+0.190493941i },
            { -0.083517174-0.248514722i , +0.479572404+0.000000000i , +0.252645543-0.342079288i },
            { +0.133267679-0.190493941i , +0.252645543+0.342079288i , +0.377102626+0.000000000i } }
(0.999999993,0.000000000)

A[4][1] = { { +0.183025598+0.000000000i , -0.038709873+0.192172121i , -0.213070969-0.256318935i },
            { -0.038709873-0.192172121i , +0.209962900+0.000000000i , -0.224063781+0.277930409i },
            { -0.213070969+0.256318935i , -0.224063781-0.277930409i , +0.607011495+0.000000000i } }
(0.999999993,0.000000000)

A[4][2] = { { +0.673649432+0.000000000i , +0.122227047-0.440686843i , +0.079803290+0.065824994i },
            { +0.122227047+0.440686843i , +0.310464689+0.000000000i , -0.028581762+0.064148878i },
            { +0.079803290-0.065824994i , -0.028581762-0.064148878i , +0.015885872+0.000000000i } }
(0.999999993,0.000000000)

A[5][0] = { { +0.063702980+0.000000000i , -0.101773623+0.196204361i , +0.103517029+0.008666424i },
            { -0.101773623-0.196204361i , +0.766903301+0.000000000i , -0.138689165-0.332676883i },
            { +0.103517029-0.008666424i , -0.138689165+0.332676883i , +0.169393712+0.000000000i } }
(0.999999993,0.000000000)

A[5][1] = { { +0.466773407+0.000000000i , +0.249812371-0.149940702i , +0.213756913+0.343970221i },
            { +0.249812371+0.149940702i , +0.181862202+0.000000000i , +0.003907653+0.252754088i },
            { +0.213756913-0.343970221i , +0.003907653-0.252754088i , +0.351364384+0.000000000i } }
(0.999999993,0.000000000)

A[5][2] = { { +0.469523606+0.000000000i , -0.148038748-0.046263658i , -0.317273942-0.352636646i },
            { -0.148038748+0.046263658i , +0.051234491+0.000000000i , +0.134781511+0.079922794i },
            { -0.317273942+0.352636646i , +0.134781511-0.079922794i , +0.479241897+0.000000000i } }
(0.999999993,0.000000000)

A[6][0] = { { +0.502109935+0.000000000i , +0.282759828+0.109347326i , -0.347776462+0.192709878i },
            { +0.282759828-0.109347326i , +0.183047486+0.000000000i , -0.153880465+0.184260526i },
            { -0.347776462-0.192709878i , -0.153880465-0.184260526i , +0.314842572+0.000000000i } }
(0.999999993,0.000000000)

A[6][1] = { { +0.090489662+0.000000000i , -0.179440440-0.194300807i , -0.101460778-0.045335545i },
            { -0.179440440+0.194300807i , +0.773035037+0.000000000i , +0.298541304-0.127958076i },
            { -0.101460778+0.045335545i , +0.298541304+0.127958076i , +0.136475294+0.000000000i } }
(0.999999993,0.000000000)

A[6][2] = { { +0.407400396+0.000000000i , -0.103319388+0.084953481i , +0.449237240-0.147374333i },
            { -0.103319388-0.084953481i , +0.043917470+0.000000000i , -0.144660839-0.056302450i },
            { +0.449237240+0.147374333i , -0.144660839+0.056302450i , +0.548682127+0.000000000i } }
(0.999999993,0.000000000)

A[7][0] = { { +0.689324247+0.000000000i , +0.057399800-0.209819117i , -0.281332064+0.296124610i },
            { +0.057399800+0.209819117i , +0.068645205+0.000000000i , -0.113561946-0.060974720i },
            { -0.281332064-0.296124610i , -0.113561946+0.060974720i , +0.242030541+0.000000000i } }
(0.999999993,0.000000000)

A[7][1] = { { +0.255696065+0.000000000i , -0.226975579+0.226979837i , +0.133535546-0.263526232i },
            { -0.226975579-0.226979837i , +0.402969700+0.000000000i , -0.352467084+0.115387558i },
            { +0.133535546+0.263526232i , -0.352467084-0.115387558i , +0.341334228+0.000000000i } }
(0.999999993,0.000000000)

A[7][2] = { { +0.054979681+0.000000000i , +0.169575779-0.017160720i , +0.147796518-0.032598378i },
            { +0.169575779+0.017160720i , +0.528385088+0.000000000i , +0.466029031-0.054412838i },
            { +0.147796518+0.032598378i , +0.466029031+0.054412838i , +0.416635224+0.000000000i } }
(0.999999993,0.000000000)

A[8][0] = { { +0.453160006+0.000000000i , +0.169784522-0.096801804i , -0.450105545-0.083747425i },
            { +0.169784522+0.096801804i , +0.084291150+0.000000000i , -0.150750408-0.127526800i },
            { -0.450105545+0.083747425i , -0.150750408+0.127526800i , +0.462548837+0.000000000i } }
(0.999999993,0.000000000)

A[8][1] = { { +0.382913838+0.000000000i , +0.192214396+0.050239669i , +0.421406611+0.138697114i },
            { +0.192214396-0.050239669i , +0.103079077+0.000000000i , +0.229734495+0.014332873i },
            { +0.421406611-0.138697114i , +0.229734495-0.014332873i , +0.514007078+0.000000000i } }
(0.999999993,0.000000000)

A[8][2] = { { +0.163926149+0.000000000i , -0.361998918+0.046562135i , +0.028698934-0.054949689i },
            { -0.361998918-0.046562135i , +0.812629766+0.000000000i , -0.078984087+0.113193927i },
            { +0.028698934+0.054949689i , -0.078984087-0.113193927i , +0.023444078+0.000000000i } }
(0.999999993,0.000000000)

A[9][0] = { { +0.457364329+0.000000000i , -0.086213777-0.292367669i , +0.360318978-0.159501569i },
            { -0.086213777+0.292367669i , +0.203145869+0.000000000i , +0.034039903+0.260398205i },
            { +0.360318978+0.159501569i , +0.034039903-0.260398205i , +0.339489795+0.000000000i } }
(0.999999993,0.000000000)

A[9][1] = { { +0.463795916+0.000000000i , -0.100650241+0.358353602i , -0.207292566+0.259174202i },
            { -0.100650241-0.358353602i , +0.298725748+0.000000000i , +0.245237293+0.103920895i },
            { -0.207292566-0.259174202i , +0.245237293-0.103920895i , +0.237478330+0.000000000i } }
(0.999999993,0.000000000)

A[9][2] = { { +0.078839748+0.000000000i , +0.186864018-0.065985933i , -0.153026412-0.099672632i },
            { +0.186864018+0.065985933i , +0.498128376+0.000000000i , -0.279277196-0.364319100i },
            { -0.153026412+0.099672632i , -0.279277196+0.364319100i , +0.423031869+0.000000000i } }
(0.999999993,0.000000000)

A[10][0] = { { +0.176815178+0.000000000i , -0.090050321-0.216143832i , +0.066233870-0.293832288i },
             { -0.090050321+0.216143832i , +0.310082117+0.000000000i , +0.325456566+0.230612210i },
             { +0.066233870+0.293832288i , +0.325456566-0.230612210i , +0.513102698+0.000000000i } }
(0.999999993,0.000000000)

A[10][1] = { { +0.163029225+0.000000000i , -0.150389318-0.187831711i , -0.010074302+0.280091936i },
             { -0.150389318+0.187831711i , +0.355136982+0.000000000i , -0.313410588-0.269982957i },
             { -0.010074302-0.280091936i , -0.313410588+0.269982957i , +0.481833786+0.000000000i } }
(0.999999993,0.000000000)

A[10][2] = { { +0.660155590+0.000000000i , +0.240439639+0.403975543i , -0.056159568+0.013740353i },
             { +0.240439639-0.403975543i , +0.334780894+0.000000000i , -0.012045979+0.039370747i },
             { -0.056159568-0.013740353i , -0.012045979-0.039370747i , +0.005063509+0.000000000i } }
(0.999999993,0.000000000)

A[11][0] = { { +0.076393141+0.000000000i , -0.148176602-0.138705557i , +0.123890174-0.118376114i },
             { -0.148176602+0.138705557i , +0.539257074+0.000000000i , -0.025371372+0.454554311i },
             { +0.123890174+0.118376114i , -0.025371372-0.454554311i , +0.384349778+0.000000000i } }
(0.999999993,0.000000000)

A[11][1] = { { +0.494857817+0.000000000i , +0.387380716+0.101476920i , -0.013927076-0.299028716i },
             { +0.387380716-0.101476920i , +0.324055502+0.000000000i , -0.072221942-0.231227423i },
             { -0.013927076+0.299028716i , -0.072221942+0.231227423i , +0.181086674+0.000000000i } }
(0.999999993,0.000000000)

A[11][2] = { { +0.428749035+0.000000000i , -0.239204114+0.037228637i , -0.109963098+0.417404831i },
             { -0.239204114-0.037228637i , +0.136687418+0.000000000i , +0.097593314-0.223326888i },
             { -0.109963098-0.417404831i , +0.097593314+0.223326888i , +0.434563541+0.000000000i } }
(0.999999993,0.000000000)

A[12][0] = { { +0.144386889+0.000000000i , -0.020964254+0.248087705i , +0.238759050-0.067427051i },
             { -0.020964254-0.248087705i , +0.429311963+0.000000000i , -0.150520805-0.400449328i },
             { +0.238759050+0.067427051i , -0.150520805+0.400449328i , +0.426301141+0.000000000i } }
(0.999999993,0.000000000)

A[12][1] = { { +0.181967377+0.000000000i , -0.101213178+0.192625739i , -0.318596134+0.001719338i },
             { -0.101213178-0.192625739i , +0.260204829+0.000000000i , +0.179028345+0.336300955i },
             { -0.318596134-0.001719338i , +0.179028345-0.336300955i , +0.557827787+0.000000000i } }
(0.999999993,0.000000000)

A[12][2] = { { +0.673645727+0.000000000i , +0.122177432-0.440713444i , +0.079837084+0.065707713i },
             { +0.122177432+0.440713444i , +0.310483202+0.000000000i , -0.028507541+0.064148373i },
             { +0.079837084-0.065707713i , -0.028507541-0.064148373i , +0.015871065+0.000000000i } }
(0.999999993,0.000000000)

A[13][0] = { { +0.256573746+0.000000000i , +0.137066794+0.362076732i , +0.191694566+0.064109060i },
             { +0.137066794-0.362076732i , +0.584186319+0.000000000i , +0.192877741-0.236270945i },
             { +0.191694566-0.064109060i , +0.192877741+0.236270945i , +0.159239929+0.000000000i } }
(0.999999993,0.000000000)

A[13][1] = { { +0.273878947+0.000000000i , +0.010941454-0.315811202i , +0.125631442+0.288495340i },
             { +0.010941454+0.315811202i , +0.364600623+0.000000000i , -0.327646483+0.156391651i },
             { +0.125631442-0.288495340i , -0.327646483-0.156391651i , +0.361520424+0.000000000i } }
(0.999999993,0.000000000)

A[13][2] = { { +0.469547301+0.000000000i , -0.148008249-0.046265530i , -0.317326008-0.352604400i },
             { -0.148008249+0.046265530i , +0.051213052+0.000000000i , +0.134768742+0.079879294i },
             { -0.317326008+0.352604400i , +0.134768742-0.079879294i , +0.479239641+0.000000000i } }
(0.999999993,0.000000000)

A[14][0] = { { +0.243883383+0.000000000i , -0.301565821+0.234353760i , +0.098314963+0.169925888i },
             { -0.301565821-0.234353760i , +0.598087628+0.000000000i , +0.041718032-0.304589503i },
             { +0.098314963-0.169925888i , +0.041718032+0.304589503i , +0.158028982+0.000000000i } }
(0.999999993,0.000000000)

A[14][1] = { { +0.693398309+0.000000000i , +0.168198536-0.231662540i , -0.029275420-0.360252338i },
             { +0.168198536+0.231662540i , +0.118197986+0.000000000i , +0.113257974-0.097167715i },
             { -0.029275420+0.360252338i , +0.113257974+0.097167715i , +0.188403698+0.000000000i } }
(0.999999993,0.000000000)

A[14][2] = { { +0.062718301+0.000000000i , +0.133367284-0.002691220i , -0.069039543+0.190326451i },
             { +0.133367284+0.002691220i , +0.283714379+0.000000000i , -0.154976006+0.401757218i },
             { -0.069039543-0.190326451i , -0.154976006-0.401757218i , +0.653567314+0.000000000i } }
(0.999999993,0.000000000)

A[15][0] = { { +0.514224076+0.000000000i , +0.256352327-0.261370843i , -0.326559836+0.095525296i },
             { +0.256352327+0.261370843i , +0.260647540+0.000000000i , -0.211351273-0.118362979i },
             { -0.326559836-0.095525296i , -0.211351273+0.118362979i , +0.225128377+0.000000000i } }
(0.999999993,0.000000000)

A[15][1] = { { +0.078411923+0.000000000i , -0.153078343+0.176341814i , -0.122683161+0.051796830i },
             { -0.153078343-0.176341814i , +0.695422545+0.000000000i , +0.355992873+0.174784649i },
             { -0.122683161-0.051796830i , +0.355992873-0.174784649i , +0.226165525+0.000000000i } }
(0.999999993,0.000000000)

A[15][2] = { { +0.407363995+0.000000000i , -0.103273984+0.085029029i , +0.449242998-0.147322126i },
             { -0.103273984-0.085029029i , +0.043929908+0.000000000i , -0.144641600-0.056421670i },
             { +0.449242998+0.147322126i , -0.144641600+0.056421670i , +0.548706091+0.000000000i } }
(0.999999993,0.000000000)

A[16][0] = { { +0.700471645+0.000000000i , +0.142864335+0.100913974i , -0.421495681-0.039479707i },
             { +0.142864335-0.100913974i , +0.043676077+0.000000000i , -0.091653602+0.052671029i },
             { -0.421495681+0.039479707i , -0.091653602-0.052671029i , +0.255852271+0.000000000i } }
(0.999999993,0.000000000)

A[16][1] = { { +0.244527922+0.000000000i , -0.312467204-0.083786299i , +0.273656381+0.072043696i },
             { -0.312467204+0.083786299i , +0.427991637+0.000000000i , -0.374374082+0.001706805i },
             { +0.273656381-0.072043696i , -0.374374082-0.001706805i , +0.327480434+0.000000000i } }
(0.999999993,0.000000000)

A[16][2] = { { +0.055000426+0.000000000i , +0.169602870-0.017127675i , +0.147839300-0.032563989i },
             { +0.169602870+0.017127675i , +0.528332280+0.000000000i , +0.466027684-0.054377834i },
             { +0.147839300+0.032563989i , +0.466027684+0.054377834i , +0.416667288+0.000000000i } }
(0.999999993,0.000000000)

A[17][0] = { { +0.429928056+0.000000000i , +0.110700837-0.036846243i , -0.331174668+0.348999903i },
             { +0.110700837+0.036846243i , +0.031661868+0.000000000i , -0.115183575+0.061480150i },
             { -0.331174668-0.348999903i , -0.115183575-0.061480150i , +0.538410069+0.000000000i } }
(0.999999993,0.000000000)

A[17][1] = { { +0.406150503+0.000000000i , +0.251296781-0.009673453i , +0.302478176-0.294033270i },
             { +0.251296781+0.009673453i , +0.155714829+0.000000000i , +0.194154902-0.174722440i },
             { +0.302478176+0.294033270i , +0.194154902+0.174722440i , +0.438134662+0.000000000i } }
(0.999999993,0.000000000)

A[17][2] = { { +0.163921434+0.000000000i , -0.361997617+0.046519697i , +0.028696492-0.054966633i },
             { -0.361997617-0.046519697i , +0.812623297+0.000000000i , -0.078971327+0.113242291i },
             { +0.028696492+0.054966633i , -0.078971327-0.113242291i , +0.023455262+0.000000000i } }
(0.999999993,0.000000000)

A[18][0] = { { +0.308352466+0.000000000i , +0.025232311-0.413164646i , -0.203414941-0.023492046i },
             { +0.025232311+0.413164646i , +0.555668328+0.000000000i , +0.014831896-0.274480134i },
             { -0.203414941+0.023492046i , +0.014831896+0.274480134i , +0.135979199+0.000000000i } }
(0.999999993,0.000000000)

A[18][1] = { { +0.284157467+0.000000000i , +0.078032428+0.328173364i , -0.245865277+0.170808175i },
             { +0.078032428-0.328173364i , +0.400435791+0.000000000i , +0.129749286+0.330855349i },
             { -0.245865277-0.170808175i , +0.129749286-0.330855349i , +0.315406735+0.000000000i } }
(0.999999993,0.000000000)

A[18][2] = { { +0.407490061+0.000000000i , -0.103264739+0.084991282i , +0.449280218-0.147316128i },
             { -0.103264739-0.084991282i , +0.043895874+0.000000000i , -0.144581182-0.056375215i },
             { +0.449280218+0.147316128i , -0.144581182+0.056375215i , +0.548614058+0.000000000i } }
(0.999999993,0.000000000)

A[19][0] = { { +0.192083189+0.000000000i , -0.123635157-0.261471326i , -0.196317058-0.181642306i },
             { -0.123635157+0.261471326i , +0.435503585+0.000000000i , +0.373619117-0.150319810i },
             { -0.196317058+0.181642306i , +0.373619117+0.150319810i , +0.372413219+0.000000000i } }
(0.999999993,0.000000000)

A[19][1] = { { +0.147751779+0.000000000i , -0.116753225-0.142522088i , +0.252545615+0.167922688i },
             { -0.116753225+0.142522088i , +0.229735759+0.000000000i , -0.361540233+0.110914505i },
             { +0.252545615-0.167922688i , -0.361540233-0.110914505i , +0.622512455+0.000000000i } }
(0.999999993,0.000000000)

A[19][2] = { { +0.660165025+0.000000000i , +0.240388382+0.403993415i , -0.056228557+0.013719618i },
             { +0.240388382-0.403993415i , +0.334760649+0.000000000i , -0.012078883+0.039405305i },
             { -0.056228557-0.013719618i , -0.012078883-0.039405305i , +0.005074319+0.000000000i } }
(0.999999993,0.000000000)

A[20][0] = { { +0.274736057+0.000000000i , -0.368083820-0.164091818i , -0.159120155+0.107355006i },
             { -0.368083820+0.164091818i , +0.591155859+0.000000000i , +0.149064803-0.238869088i },
             { -0.159120155-0.107355006i , +0.149064803+0.238869088i , +0.134108078+0.000000000i } }
(0.999999993,0.000000000)

A[20][1] = { { +0.662547082+0.000000000i , +0.234713193+0.166741289i , +0.228232191-0.297650056i },
             { +0.234713193-0.166741289i , +0.125112534+0.000000000i , +0.005944558-0.162883700i },
             { +0.228232191+0.297650056i , +0.005944558+0.162883700i , +0.212340377+0.000000000i } }
(0.999999993,0.000000000)

A[20][2] = { { +0.062716854+0.000000000i , +0.133370627-0.002649471i , -0.069112036+0.190295050i },
             { +0.133370627+0.002649471i , +0.283731601+0.000000000i , -0.155009361+0.401752788i },
             { -0.069112036-0.190295050i , -0.155009361-0.401752788i , +0.653551538+0.000000000i } }
(0.999999993,0.000000000)

A[21][0] = { { +0.164261521+0.000000000i , +0.001423714+0.219930106i , +0.065660902-0.290855680i },
             { +0.001423714-0.219930106i , +0.294477279+0.000000000i , -0.388858233-0.090434477i },
             { +0.065660902+0.290855680i , -0.388858233+0.090434477i , +0.541261193+0.000000000i } }
(0.999999993,0.000000000)

A[21][1] = { { +0.162139847+0.000000000i , -0.123635375+0.220806459i , -0.145385259+0.225105378i },
             { -0.123635375-0.220806459i , +0.394975127+0.000000000i , +0.417414285+0.026341569i },
             { -0.145385259-0.225105378i , +0.417414285-0.026341569i , +0.442885019+0.000000000i } }
(0.999999993,0.000000000)

A[21][2] = { { +0.673598625+0.000000000i , +0.122211661-0.440736565i , +0.079724357+0.065750302i },
             { +0.122211661+0.440736565i , +0.310547588+0.000000000i , -0.028556052+0.064092908i },
             { +0.079724357-0.065750302i , -0.028556052-0.064092908i , +0.015853781+0.000000000i } }
(0.999999993,0.000000000)

A[22][0] = { { +0.483663315+0.000000000i , +0.000682340+0.319307337i , -0.214033574-0.319319727i },
             { +0.000682340-0.319307337i , +0.210802934+0.000000000i , -0.211112084+0.140851302i },
             { -0.214033574+0.319319727i , -0.211112084-0.140851302i , +0.305533744+0.000000000i } }
(0.999999993,0.000000000)

A[22][1] = { { +0.461356499+0.000000000i , -0.170268068-0.302201478i , +0.066227257+0.351857456i },
             { -0.170268068+0.302201478i , +0.260789550+0.000000000i , -0.254918326-0.086475680i },
             { +0.066227257-0.351857456i , -0.254918326+0.086475680i , +0.277853944+0.000000000i } }
(0.999999993,0.000000000)

A[22][2] = { { +0.054980179+0.000000000i , +0.169585728-0.017105859i , +0.147806317-0.032537729i },
             { +0.169585728+0.017105859i , +0.528407509+0.000000000i , +0.466030410-0.054375622i },
             { +0.147806317+0.032537729i , +0.466030410+0.054375622i , +0.416612306+0.000000000i } }
(0.999999993,0.000000000)

A[23][0] = { { +0.080658159+0.000000000i , -0.092890064+0.186197439i , -0.054392403-0.167020429i },
             { -0.092890064-0.186197439i , +0.536809365+0.000000000i , -0.322921673+0.317912874i },
             { -0.054392403+0.167020429i , -0.322921673-0.317912874i , +0.382532469+0.000000000i } }
(0.999999993,0.000000000)

A[23][1] = { { +0.490596530+0.000000000i , +0.332062064-0.223452196i , +0.164368873-0.250396314i },
             { +0.332062064+0.223452196i , +0.326533316+0.000000000i , +0.225301807-0.094616533i },
             { +0.164368873+0.250396314i , +0.225301807+0.094616533i , +0.182870148+0.000000000i } }
(0.999999993,0.000000000)

A[23][2] = { { +0.428745304+0.000000000i , -0.239172000+0.037254757i , -0.109976470+0.417416743i },
             { -0.239172000-0.037254757i , +0.136657312+0.000000000i , +0.097619866-0.223296342i },
             { -0.109976470-0.417416743i , +0.097619866+0.223296342i , +0.434597377+0.000000000i } }
(0.999999993,0.000000000)

A[24][0] = { { +0.643320615+0.000000000i , +0.122476451-0.112366923i , +0.410322089+0.182943058i },
             { +0.122476451+0.112366923i , +0.042944079+0.000000000i , +0.046163671+0.106498753i },
             { +0.410322089-0.182943058i , +0.046163671-0.106498753i , +0.313735299+0.000000000i } }
(0.999999993,0.000000000)

A[24][1] = { { +0.277807766+0.000000000i , -0.309376065+0.178327736i , -0.257277540-0.083213780i },
             { -0.309376065-0.178327736i , +0.459002078+0.000000000i , +0.233097105+0.257818816i },
             { -0.257277540+0.083213780i , +0.233097105-0.257818816i , +0.263190149+0.000000000i } }
(0.999999993,0.000000000)

A[24][2] = { { +0.078871612+0.000000000i , +0.186899614-0.065960813i , -0.153044549-0.099729278i },
             { +0.186899614+0.065960813i , +0.498053836+0.000000000i , -0.279260776-0.364317569i },
             { -0.153044549+0.099729278i , -0.279260776+0.364317569i , +0.423074546+0.000000000i } }
(0.999999993,0.000000000)

A[25][0] = { { +0.458138082+0.000000000i , +0.312871708+0.189007762i , +0.246810531+0.231774609i },
             { +0.312871708-0.189007762i , +0.291642747+0.000000000i , +0.264171982+0.056460306i },
             { +0.246810531-0.231774609i , +0.264171982-0.056460306i , +0.250219165+0.000000000i } }
(0.999999993,0.000000000)

A[25][1] = { { +0.072364406+0.000000000i , -0.164882001-0.142715969i , +0.070494683+0.120848525i },
             { -0.164882001+0.142715969i , +0.657145270+0.000000000i , -0.398957514-0.136324350i },
             { +0.070494683-0.120848525i , -0.398957514+0.136324350i , +0.270490317+0.000000000i } }
(0.999999993,0.000000000)

A[25][2] = { { +0.469497505+0.000000000i , -0.147989707-0.046291792i , -0.317305214-0.352623134i },
             { -0.147989707+0.046291792i , +0.051211977+0.000000000i , +0.134785532+0.079864045i },
             { -0.317305214+0.352623134i , +0.134785532-0.079864045i , +0.479290511+0.000000000i } }
(0.999999993,0.000000000)

A[26][0] = { { +0.394793842+0.000000000i , +0.121928117+0.036651417i , +0.104565864+0.460204133i },
             { +0.121928117-0.036651417i , +0.041058889+0.000000000i , +0.075018020+0.132421872i },
             { +0.104565864-0.460204133i , +0.075018020-0.132421872i , +0.564147262+0.000000000i } }
(0.999999993,0.000000000)

A[26][1] = { { +0.441252527+0.000000000i , +0.240098362-0.083201326i , -0.133244169-0.405246874i },
             { +0.240098362+0.083201326i , +0.146332742+0.000000000i , +0.003910163-0.245630785i },
             { -0.133244169+0.405246874i , +0.003910163+0.245630785i , +0.412414725+0.000000000i } }
(0.999999993,0.000000000)

A[26][2] = { { +0.163953624+0.000000000i , -0.362026479+0.046549909i , +0.028678306-0.054957259i },
             { -0.362026479-0.046549909i , +0.812608363+0.000000000i , -0.078928183+0.113208913i },
             { +0.028678306+0.054957259i , -0.078928183-0.113208913i , +0.023438006+0.000000000i } }
(0.999999993,0.000000000)

B[0][0] = { { +0.221463890+0.000000000i , -0.125412239+0.250177912i , +0.212763075+0.220980301i },
            { -0.125412239-0.250177912i , +0.353634249+0.000000000i , +0.129146544-0.365487375i },
            { +0.212763075-0.220980301i , +0.129146544+0.365487375i , +0.424901857+0.000000000i } }

B[0][1] = { { +0.196063569+0.000000000i , -0.071683027-0.326430929i , +0.204397576-0.064410172i },
            { -0.071683027+0.326430929i , +0.569690776+0.000000000i , +0.032508004+0.363855491i },
            { +0.204397576+0.064410172i , +0.032508004-0.363855491i , +0.234245651+0.000000000i } }

B[0][2] = { { +0.582472537+0.000000000i , +0.197095266+0.076253018i , -0.417160651-0.156570129i },
            { +0.197095266-0.076253018i , +0.076674971+0.000000000i , -0.161654548+0.001631884i },
            { -0.417160651+0.156570129i , -0.161654548-0.001631884i , +0.340852488+0.000000000i } }

B[1][0] = { { +0.246442140+0.000000000i , -0.180302990+0.324192394i , -0.216033862+0.037787646i },
            { -0.180302990-0.324192394i , +0.558386143+0.000000000i , +0.207764867+0.256544230i },
            { -0.216033862-0.037787646i , +0.207764867-0.256544230i , +0.195171714+0.000000000i } }

B[1][1] = { { +0.228427408+0.000000000i , -0.035093179-0.280409831i , -0.078383994+0.300404849i },
            { -0.035093179+0.280409831i , +0.349613054+0.000000000i , -0.356724832-0.142372600i },
            { -0.078383994-0.300404849i , -0.356724832+0.142372600i , +0.421959535+0.000000000i } }

B[1][2] = { { +0.525130449+0.000000000i , +0.215396169-0.043782563i , +0.294417857-0.338192494i },
            { +0.215396169+0.043782563i , +0.092000800+0.000000000i , +0.148959964-0.114171630i },
            { +0.294417857+0.338192494i , +0.148959964+0.114171630i , +0.382868748+0.000000000i } }

B[2][0] = { { +0.226712371+0.000000000i , -0.137201702-0.281132150i , -0.250691253-0.120864286i },
            { -0.137201702+0.281132150i , +0.431646458+0.000000000i , +0.301589643-0.237722293i },
            { -0.250691253+0.120864286i , +0.301589643+0.237722293i , +0.341641167+0.000000000i } }

B[2][1] = { { +0.210214759+0.000000000i , -0.174678481+0.227064655i , +0.150455790-0.247621972i },
            { -0.174678481-0.227064655i , +0.390414682+0.000000000i , -0.392491880+0.043246430i },
            { +0.150455790+0.247621972i , -0.392491880-0.043246430i , +0.399370555+0.000000000i } }

B[2][2] = { { +0.563072867+0.000000000i , +0.311880183+0.054067495i , +0.100235462+0.368486259i },
            { +0.311880183-0.054067495i , +0.177938856+0.000000000i , +0.090902237+0.194475863i },
            { +0.100235462-0.368486259i , +0.090902237-0.194475863i , +0.258988274+0.000000000i } }

moments 0 1 = { { +0.333316746+0.000000000i , +0.333356384+0.000000000i , +0.333326863+0.000000000i },
                { +0.333357048+0.000000000i , +0.333359683+0.000000000i , +0.333283262+0.000000000i },
                { +0.333326199+0.000000000i , +0.333283926+0.000000000i , +0.333389868-0.000000000i } }

moments 0 2 = { { +0.333339557+0.000000000i , +0.333332762+0.000000000i , +0.333327674+0.000000000i },
                { +0.333296965+0.000000000i , +0.333340019+0.000000000i , +0.333363008-0.000000000i },
                { +0.333363471+0.000000000i , +0.333327211+0.000000000i , +0.333309310-0.000000000i } }

moments 1 2 = { { +0.333297664+0.000000000i , +0.333345136+0.000000000i , +0.333357193+0.000000000i },
                { +0.333354610-0.000000000i , +0.333297471+0.000000000i , +0.333347912+0.000000000i },
                { +0.333347719-0.000000000i , +0.333357386+0.000000000i , +0.333294889+0.000000000i } }
iterations = 86
time elapsed = 4329 ms
final result = 22.04541 <= 22.04541 (0.00000 away)
