iter    0 val 1.156623365 (6.191845864 from ideal, 2.156623365 from prev)
iter    1 val 7.118313218 (0.230156010 from ideal, 5.961689854 from prev)
iter    2 val 7.180647191 (0.167822037 from ideal, 0.062333973 from prev)
iter    3 val 7.220390695 (0.128078534 from ideal, 0.039743503 from prev)
iter    4 val 7.247466219 (0.101003010 from ideal, 0.027075524 from prev)
iter    5 val 7.266570185 (0.081899043 from ideal, 0.019103966 from prev)
iter    6 val 7.280469879 (0.067999349 from ideal, 0.013899694 from prev)
iter    7 val 7.290950138 (0.057519091 from ideal, 0.010480259 from prev)
iter    8 val 7.299171854 (0.049297374 from ideal, 0.008221717 from prev)
iter    9 val 7.305872990 (0.042596239 from ideal, 0.006701136 from prev)
iter   10 val 7.311511791 (0.036957437 from ideal, 0.005638801 from prev)
iter   11 val 7.316368776 (0.032100453 from ideal, 0.004856985 from prev)
iter   12 val 7.320616243 (0.027852985 from ideal, 0.004247467 from prev)
iter   13 val 7.324362704 (0.024106524 from ideal, 0.003746461 from prev)
iter   14 val 7.327680031 (0.020789197 from ideal, 0.003317327 from prev)
iter   15 val 7.330619072 (0.017850156 from ideal, 0.002939041 from prev)
iter   16 val 7.333218511 (0.015250718 from ideal, 0.002599438 from prev)
iter   17 val 7.335509982 (0.012959246 from ideal, 0.002291471 from prev)
iter   18 val 7.337520626 (0.010948602 from ideal, 0.002010644 from prev)
iter   19 val 7.339274941 (0.009194287 from ideal, 0.001754315 from prev)
iter   20 val 7.340795701 (0.007673527 from ideal, 0.001520760 from prev)
iter   21 val 7.342104718 (0.006364510 from ideal, 0.001309017 from prev)
iter   22 val 7.343223003 (0.005246225 from ideal, 0.001118285 from prev)
iter   23 val 7.344170956 (0.004298272 from ideal, 0.000947953 from prev)
iter   24 val 7.344968215 (0.003501013 from ideal, 0.000797259 from prev)
iter   25 val 7.345633587 (0.002835642 from ideal, 0.000665371 from prev)
iter   26 val 7.346184687 (0.002284541 from ideal, 0.000551101 from prev)
iter   27 val 7.346637843 (0.001831386 from ideal, 0.000453155 from prev)
iter   28 val 7.347007909 (0.001461320 from ideal, 0.000370066 from prev)
iter   29 val 7.347308187 (0.001161042 from ideal, 0.000300278 from prev)
iter   30 val 7.347550384 (0.000918845 from ideal, 0.000242197 from prev)
iter   31 val 7.347744661 (0.000724567 from ideal, 0.000194277 from prev)
iter   32 val 7.347899787 (0.000569442 from ideal, 0.000155126 from prev)
iter   33 val 7.348022818 (0.000446410 from ideal, 0.000123032 from prev)
iter   34 val 7.348120299 (0.000348930 from ideal, 0.000097480 from prev)
iter   35 val 7.348197134 (0.000272095 from ideal, 0.000076835 from prev)
iter   36 val 7.348257494 (0.000211734 from ideal, 0.000060361 from prev)
iter   37 val 7.348304769 (0.000164459 from ideal, 0.000047275 from prev)
iter   38 val 7.348341699 (0.000127529 from ideal, 0.000036930 from prev)
iter   39 val 7.348370472 (0.000098756 from ideal, 0.000028773 from prev)
iter   40 val 7.348392847 (0.000076381 from ideal, 0.000022375 from prev)
iter   41 val 7.348410213 (0.000059015 from ideal, 0.000017366 from prev)
iter   42 val 7.348423668 (0.000045560 from ideal, 0.000013455 from prev)
iter   43 val 7.348434078 (0.000035151 from ideal, 0.000010410 from prev)
iter   44 val 7.348442120 (0.000027108 from ideal, 0.000008042 from prev)
iter   45 val 7.348448327 (0.000020902 from ideal, 0.000006207 from prev)
iter   46 val 7.348453112 (0.000016117 from ideal, 0.000004785 from prev)
iter   47 val 7.348456796 (0.000012432 from ideal, 0.000003685 from prev)
iter   48 val 7.348459634 (0.000009594 from ideal, 0.000002838 from prev)
iter   49 val 7.348461813 (0.000007415 from ideal, 0.000002179 from prev)
iter   50 val 7.348463489 (0.000005740 from ideal, 0.000001676 from prev)
iter   51 val 7.348464775 (0.000004453 from ideal, 0.000001287 from prev)
iter   52 val 7.348465796 (0.000003433 from ideal, 0.000001020 from prev)
iter   53 val 7.348466509 (0.000002719 from ideal, 0.000000714 from prev)
iter   54 val 7.348467093 (0.000002135 from ideal, 0.000000584 from prev)
iter   55 val 7.348467540 (0.000001688 from ideal, 0.000000447 from prev)
iter   56 val 7.348467883 (0.000001346 from ideal, 0.000000342 from prev)
iter   57 val 7.348468145 (0.000001083 from ideal, 0.000000263 from prev)
iter   58 val 7.348468385 (0.000000843 from ideal, 0.000000240 from prev)
iter   59 val 7.348468494 (0.000000734 from ideal, 0.000000109 from prev)
iter   60 val 7.348468613 (0.000000616 from ideal, 0.000000119 from prev)
iter   61 val 7.348468704 (0.000000525 from ideal, 0.000000091 from prev)
iter   62 val 7.348468774 (0.000000455 from ideal, 0.000000070 from prev)
iter   63 val 7.348468827 (0.000000402 from ideal, 0.000000053 from prev)
iter   64 val 7.348468868 (0.000000360 from ideal, 0.000000042 from prev)
iter   65 val 7.348468896 (0.000000332 from ideal, 0.000000028 from prev)
iter   66 val 7.348468920 (0.000000309 from ideal, 0.000000023 from prev)
iter   67 val 7.348468938 (0.000000291 from ideal, 0.000000018 from prev)
iter   68 val 7.348468952 (0.000000276 from ideal, 0.000000014 from prev)
iter   69 val 7.348468961 (0.000000267 from ideal, 0.000000009 from prev)
iter   70 val 7.348468970 (0.000000259 from ideal, 0.000000008 from prev)
iter   71 val 7.348468975 (0.000000253 from ideal, 0.000000006 from prev)
iter   72 val 7.348468980 (0.000000248 from ideal, 0.000000004 from prev)
iter   73 val 7.348468983 (0.000000245 from ideal, 0.000000003 from prev)
iter   74 val 7.348468986 (0.000000243 from ideal, 0.000000002 from prev)
iter   75 val 7.348468987 (0.000000241 from ideal, 0.000000002 from prev)
iter   76 val 7.348468996 (0.000000232 from ideal, 0.000000009 from prev)
iter   77 val 7.348468990 (0.000000238 from ideal, 0.000000007 from prev)
iter   78 val 7.348468996 (0.000000232 from ideal, 0.000000006 from prev)
iter   79 val 7.348468991 (0.000000237 from ideal, 0.000000005 from prev)

A[0][0] = { { +0.049449651+0.000000000i , +0.055268360-0.160992638i , -0.111601520+0.074674331i },
            { +0.055268360+0.160992638i , +0.585913624+0.000000000i , -0.367849985-0.279878560i },
            { -0.111601520-0.074674331i , -0.367849985+0.279878560i , +0.364636721+0.000000000i } }

A[0][1] = { { +0.381778997+0.000000000i , -0.080117672+0.354965626i , -0.236431033+0.218414069i },
            { -0.080117672-0.354965626i , +0.346848425+0.000000000i , +0.252690164+0.173990891i },
            { -0.236431033-0.218414069i , +0.252690164-0.173990891i , +0.271372574+0.000000000i } }

A[0][2] = { { +0.568771348+0.000000000i , +0.024849312-0.193972988i , +0.348032552-0.293088400i },
            { +0.024849312+0.193972988i , +0.067237948+0.000000000i , +0.115159821+0.105887669i },
            { +0.348032552+0.293088400i , +0.115159821-0.105887669i , +0.363990701+0.000000000i } }

A[1][0] = { { +0.425252414+0.000000000i , +0.183935561-0.254753383i , -0.345486284+0.162235764i },
            { +0.183935561+0.254753383i , +0.232171710+0.000000000i , -0.246623694-0.136796102i },
            { -0.345486284-0.162235764i , -0.246623694+0.136796102i , +0.342575873+0.000000000i } }

A[1][1] = { { +0.568571898+0.000000000i , -0.178540403+0.191768682i , +0.368292981-0.202500035i },
            { -0.178540403-0.191768682i , +0.120744459+0.000000000i , -0.183949190-0.060630187i },
            { +0.368292981+0.202500035i , -0.183949190+0.060630187i , +0.310683640+0.000000000i } }

A[1][2] = { { +0.006175685+0.000000000i , -0.005395158+0.062984701i , -0.022806698+0.040264271i },
            { -0.005395158-0.062984701i , +0.647083827+0.000000000i , +0.430572884+0.197426290i },
            { -0.022806698-0.040264271i , +0.430572884-0.197426290i , +0.346740484+0.000000000i } }

A[2][0] = { { +0.069516567+0.000000000i , +0.060823801-0.079345006i , -0.170662014+0.159885331i },
            { +0.060823801+0.079345006i , +0.143781074+0.000000000i , -0.331811810-0.054898362i },
            { -0.170662014-0.159885331i , -0.331811810+0.054898362i , +0.786702355+0.000000000i } }

A[2][1] = { { +0.241160510+0.000000000i , +0.132582533-0.338662098i , +0.131868657-0.182599616i },
            { +0.132582533+0.338662098i , +0.548473518+0.000000000i , +0.328922234+0.084795794i },
            { +0.131868657+0.182599616i , +0.328922234-0.084795794i , +0.210365969+0.000000000i } }

A[2][2] = { { +0.689322920+0.000000000i , -0.193406335+0.418007105i , +0.038793356+0.022714285i },
            { -0.193406335-0.418007105i , +0.307745404+0.000000000i , +0.002889577-0.029897433i },
            { +0.038793356-0.022714285i , +0.002889577+0.029897433i , +0.002931672+0.000000000i } }

A[3][0] = { { +0.418337893+0.000000000i , +0.300166141+0.110818114i , +0.351618820-0.131586967i },
            { +0.300166141-0.110818114i , +0.244731293+0.000000000i , +0.217436300-0.187560557i },
            { +0.351618820+0.131586967i , +0.217436300+0.187560557i , +0.336930810+0.000000000i } }

A[3][1] = { { +0.404808581+0.000000000i , -0.038911355+0.128786326i , -0.469036389+0.053323933i },
            { -0.038911355-0.128786326i , +0.044712526+0.000000000i , +0.062049655+0.144094200i },
            { -0.469036389-0.053323933i , +0.062049655-0.144094200i , +0.550478889+0.000000000i } }

A[3][2] = { { +0.176853523+0.000000000i , -0.261254786-0.239604440i , +0.117417569+0.078263034i },
            { -0.261254786+0.239604440i , +0.710556177+0.000000000i , -0.279485955+0.043466358i },
            { +0.117417569-0.078263034i , -0.279485955-0.043466358i , +0.112590297+0.000000000i } }

A[4][0] = { { +0.335905269+0.000000000i , +0.362000427+0.148575815i , +0.192435098+0.181445744i },
            { +0.362000427-0.148575815i , +0.455840089+0.000000000i , +0.287640747+0.110424687i },
            { +0.192435098-0.181445744i , +0.287640747-0.110424687i , +0.208254638+0.000000000i } }

A[4][1] = { { +0.133376955+0.000000000i , -0.204212689+0.097168327i , +0.210335125-0.142134308i },
            { -0.204212689-0.097168327i , +0.383458365+0.000000000i , -0.425591203+0.064386800i },
            { +0.210335125+0.142134308i , -0.425591203-0.064386800i , +0.483164676+0.000000000i } }

A[4][2] = { { +0.530717772+0.000000000i , -0.157787738-0.245744142i , -0.402770224-0.039311436i },
            { -0.157787738+0.245744142i , +0.160701543+0.000000000i , +0.137950456-0.174811487i },
            { -0.402770224+0.039311436i , +0.137950456+0.174811487i , +0.308580682+0.000000000i } }

A[5][0] = { { +0.520450861+0.000000000i , +0.068202477+0.297352317i , +0.298228480+0.259945276i },
            { +0.068202477-0.297352317i , +0.178825681+0.000000000i , +0.187597441-0.136324139i },
            { +0.298228480-0.259945276i , +0.187597441+0.136324139i , +0.300723454+0.000000000i } }

A[5][1] = { { +0.346321752+0.000000000i , -0.063750318-0.459947644i , -0.095175973-0.041335021i },
            { -0.063750318+0.459947644i , +0.622588507+0.000000000i , +0.072416593-0.118793698i },
            { -0.095175973+0.041335021i , +0.072416593+0.118793698i , +0.031089738+0.000000000i } }

A[5][2] = { { +0.133227383+0.000000000i , -0.004452160+0.162595327i , -0.203052507-0.218610255i },
            { -0.004452160-0.162595327i , +0.198585809+0.000000000i , -0.260014034+0.255117837i },
            { -0.203052507+0.218610255i , -0.260014034-0.255117837i , +0.668186804+0.000000000i } }

A[6][0] = { { +0.428731365+0.000000000i , -0.361373821-0.199758308i , +0.134500002-0.237352270i },
            { -0.361373821+0.199758308i , +0.397671928+0.000000000i , -0.002779579+0.262729521i },
            { +0.134500002+0.237352270i , -0.002779579-0.262729521i , +0.173596704+0.000000000i } }

A[6][1] = { { +0.459526424+0.000000000i , +0.133066738+0.110987876i , -0.185928901+0.428680834i },
            { +0.133066738-0.110987876i , +0.065339155+0.000000000i , +0.049697736+0.169041445i },
            { -0.185928901-0.428680834i , +0.049697736-0.169041445i , +0.475134417+0.000000000i } }

A[6][2] = { { +0.111742208+0.000000000i , +0.228307082+0.088770432i , +0.051428900-0.191328565i },
            { +0.228307082-0.088770432i , +0.536988914+0.000000000i , -0.046918157-0.431770966i },
            { +0.051428900+0.191328565i , -0.046918157+0.431770966i , +0.351268875+0.000000000i } }

A[7][0] = { { +0.303137817+0.000000000i , -0.350252649-0.082151934i , -0.216743563-0.186659153i },
            { -0.350252649+0.082151934i , +0.426953875+0.000000000i , +0.301016285+0.156931802i },
            { -0.216743563+0.186659153i , +0.301016285-0.156931802i , +0.269908304+0.000000000i } }

A[7][1] = { { +0.144978733+0.000000000i , -0.082929571+0.159210005i , +0.301478209-0.029079912i },
            { -0.082929571-0.159210005i , +0.222274965+0.000000000i , -0.204383598-0.314437597i },
            { +0.301478209+0.029079912i , -0.204383598+0.314437597i , +0.632746299+0.000000000i } }

A[7][2] = { { +0.551883446+0.000000000i , +0.433182220-0.077058071i , -0.084734646+0.215739065i },
            { +0.433182220+0.077058071i , +0.350771157+0.000000000i , -0.096632687+0.157505795i },
            { -0.084734646-0.215739065i , -0.096632687-0.157505795i , +0.097345393+0.000000000i } }

A[8][0] = { { +0.449138109+0.000000000i , -0.318773115+0.220189048i , -0.132296751-0.282508608i },
            { -0.318773115-0.220189048i , +0.334194567+0.000000000i , -0.044602438+0.265367029i },
            { -0.132296751+0.282508608i , -0.044602438-0.265367029i , +0.216667320+0.000000000i } }

A[8][1] = { { +0.319365874+0.000000000i , +0.382764326-0.244287980i , -0.025396934-0.102670132i },
            { +0.382764326+0.244287980i , +0.645607953+0.000000000i , +0.048095430-0.142478066i },
            { -0.025396934+0.102670132i , +0.048095430+0.142478066i , +0.035026169+0.000000000i } }

A[8][2] = { { +0.231496013+0.000000000i , -0.063991211+0.024098932i , +0.157693685+0.385178740i },
            { -0.063991211-0.024098932i , +0.020197476+0.000000000i , -0.003492992-0.122888963i },
            { +0.157693685-0.385178740i , -0.003492992+0.122888963i , +0.748306507+0.000000000i } }

A[9][0] = { { +0.149961357+0.000000000i , -0.061228867-0.210932827i , -0.034188559+0.279396595i },
            { -0.061228867+0.210932827i , +0.321693764+0.000000000i , -0.379034889-0.162165951i },
            { -0.034188559-0.279396595i , -0.379034889+0.162165951i , +0.528344875+0.000000000i } }

A[9][1] = { { +0.843853418+0.000000000i , +0.066664623+0.147900973i , +0.057034429-0.319676438i },
            { +0.066664623-0.147900973i , +0.031188914+0.000000000i , -0.051523493-0.035250857i },
            { +0.057034429+0.319676438i , -0.051523493+0.035250857i , +0.124957664+0.000000000i } }

A[9][2] = { { +0.006185222+0.000000000i , -0.005435756+0.063031855i , -0.022845870+0.040279843i },
            { -0.005435756-0.063031855i , +0.647117318+0.000000000i , +0.430558382+0.197416808i },
            { -0.022845870-0.040279843i , +0.430558382-0.197416808i , +0.346697457+0.000000000i } }

A[10][0] = { { +0.211340429+0.000000000i , +0.243757895-0.064479333i , -0.297955180+0.119678129i },
             { +0.243757895+0.064479333i , +0.300820331+0.000000000i , -0.380171923+0.047130310i },
             { -0.297955180-0.119678129i , -0.380171923-0.047130310i , +0.487839236+0.000000000i } }

A[10][1] = { { +0.219847822+0.000000000i , -0.268539722+0.258485559i , -0.050024595+0.173447173i },
             { -0.268539722-0.258485559i , +0.631929713+0.000000000i , +0.265034166-0.153045959i },
             { -0.050024595-0.173447173i , +0.265034166+0.153045959i , +0.148222461+0.000000000i } }

A[10][2] = { { +0.568811745+0.000000000i , +0.024781827-0.194006226i , +0.347979774-0.293125303i },
             { +0.024781827+0.194006226i , +0.067249952+0.000000000i , +0.115137757+0.105915649i },
             { +0.347979774+0.293125303i , +0.115137757-0.105915649i , +0.363938299+0.000000000i } }

A[11][0] = { { +0.182912937+0.000000000i , +0.117495250-0.219681899i , -0.295609693-0.002328982i },
             { +0.117495250+0.219681899i , +0.339315943+0.000000000i , -0.187089563-0.356528892i },
             { -0.295609693+0.002328982i , -0.187089563+0.356528892i , +0.477771116+0.000000000i } }

A[11][1] = { { +0.127780056+0.000000000i , +0.075804500-0.198372405i , +0.256777240-0.020489550i },
             { +0.075804500+0.198372405i , +0.352934089+0.000000000i , +0.184140106+0.386479105i },
             { +0.256777240+0.020489550i , +0.184140106-0.386479105i , +0.519285851+0.000000000i } }

A[11][2] = { { +0.689307003+0.000000000i , -0.193299750+0.418054305i , +0.038832453+0.022818531i },
             { -0.193299750-0.418054305i , +0.307749964+0.000000000i , +0.002949457-0.029950213i },
             { +0.038832453-0.022818531i , +0.002949457+0.029950213i , +0.002943029+0.000000000i } }

A[12][0] = { { +0.237537550+0.000000000i , +0.168506447+0.189354841i , +0.243633080+0.239805542i },
             { +0.168506447-0.189354841i , +0.270482225+0.000000000i , +0.363993343-0.024098603i },
             { +0.243633080-0.239805542i , +0.363993343+0.024098603i , +0.491980221+0.000000000i } }

A[12][1] = { { +0.585701151+0.000000000i , +0.092652014+0.050217622i , -0.361053264-0.318103187i },
             { +0.092652014-0.050217622i , +0.018962249+0.000000000i , -0.084388944-0.019364251i },
             { -0.361053264+0.318103187i , -0.084388944+0.019364251i , +0.395336597+0.000000000i } }

A[12][2] = { { +0.176761296+0.000000000i , -0.261158461-0.239572464i , +0.117420184+0.078297645i },
             { -0.261158461+0.239572464i , +0.710555522+0.000000000i , -0.279604399+0.043462855i },
             { +0.117420184-0.078297645i , -0.279604399-0.043462855i , +0.112683178+0.000000000i } }

A[13][0] = { { +0.602103623+0.000000000i , +0.360237074+0.006199505i , +0.325497749+0.061780835i },
             { +0.360237074-0.006199505i , +0.215592766+0.000000000i , +0.195380599+0.033611865i },
             { +0.325497749-0.061780835i , +0.195380599-0.033611865i , +0.182303607+0.000000000i } }

A[13][1] = { { +0.264734689+0.000000000i , -0.355803954-0.168767905i , -0.122465813+0.156758709i },
             { -0.355803954+0.168767905i , +0.585790484+0.000000000i , +0.064660885-0.288755765i },
             { -0.122465813-0.156758709i , +0.064660885+0.288755765i , +0.149474823+0.000000000i } }

A[13][2] = { { +0.133161685+0.000000000i , -0.004433121+0.162568400i , -0.203031936-0.218539543i },
             { -0.004433121-0.162568400i , +0.198616746+0.000000000i , -0.260041484+0.255143900i },
             { -0.203031936+0.218539543i , -0.260041484-0.255143900i , +0.668221566+0.000000000i } }

A[14][0] = { { +0.435112491+0.000000000i , +0.201617354+0.361208276i , +0.273133927+0.008153025i },
             { +0.201617354-0.361208276i , +0.393279876+0.000000000i , +0.133329855-0.222964070i },
             { +0.273133927-0.008153025i , +0.133329855+0.222964070i , +0.171607630+0.000000000i } }

A[14][1] = { { +0.034163930+0.000000000i , -0.043768455-0.115408509i , +0.129576201+0.031176163i },
             { -0.043768455+0.115408509i , +0.445932436+0.000000000i , -0.271319690+0.397778221i },
             { +0.129576201-0.031176163i , -0.271319690-0.397778221i , +0.519903631+0.000000000i } }

A[14][2] = { { +0.530723576+0.000000000i , -0.157848898-0.245799767i , -0.402710129-0.039329188i },
             { -0.157848898+0.245799767i , +0.160787685+0.000000000i , +0.137989835-0.174814151i },
             { -0.402710129+0.039329188i , +0.137989835+0.174814151i , +0.308488735+0.000000000i } }

A[15][0] = { { +0.188036004+0.000000000i , -0.346838129-0.088878601i , -0.026649388-0.154182281i },
             { -0.346838129+0.088878601i , +0.681763561+0.000000000i , +0.122032644+0.271797604i },
             { -0.026649388+0.154182281i , +0.122032644-0.271797604i , +0.130200432+0.000000000i } }

A[15][1] = { { +0.580541275+0.000000000i , +0.410867009+0.064779426i , -0.131038157-0.230941598i },
             { +0.410867009-0.064779426i , +0.298011668+0.000000000i , -0.118509267-0.148822682i },
             { -0.131038157+0.230941598i , -0.118509267+0.148822682i , +0.121447053+0.000000000i } }

A[15][2] = { { +0.231422717+0.000000000i , -0.064028879+0.024099175i , +0.157687545+0.385123879i },
             { -0.064028879-0.024099175i , +0.020224768+0.000000000i , -0.003523378-0.122974922i },
             { +0.157687545-0.385123879i , -0.003523378+0.122974922i , +0.748352512+0.000000000i } }

A[16][0] = { { +0.370589409+0.000000000i , -0.275334105-0.020361714i , +0.016179490-0.395938931i },
             { -0.275334105+0.020361714i , +0.205681747+0.000000000i , +0.009733760+0.295056843i },
             { +0.016179490+0.395938931i , +0.009733760-0.295056843i , +0.423728840+0.000000000i } }

A[16][1] = { { +0.077545023+0.000000000i , -0.157808478+0.097441388i , +0.068515938+0.180108328i },
             { -0.157808478-0.097441388i , +0.443591919+0.000000000i , +0.086886420-0.452626255i },
             { +0.068515938-0.180108328i , +0.086886420+0.452626255i , +0.478863055+0.000000000i } }

A[16][2] = { { +0.551865565+0.000000000i , +0.433142583-0.077079674i , -0.084695428+0.215830604i },
             { +0.433142583+0.077079674i , +0.350726330+0.000000000i , -0.096620180+0.157569412i },
             { -0.084695428-0.215830604i , -0.096620180-0.157569412i , +0.097408102+0.000000000i } }

A[17][0] = { { +0.622460594+0.000000000i , -0.408194065+0.047582748i , -0.204075328-0.156429347i },
             { -0.408194065-0.047582748i , +0.271320819+0.000000000i , +0.121869562+0.118182570i },
             { -0.204075328+0.156429347i , +0.121869562-0.118182570i , +0.106218583+0.000000000i } }

A[17][1] = { { +0.265848897+0.000000000i , +0.179923326-0.136309266i , +0.152672384+0.347723706i },
             { +0.179923326+0.136309266i , +0.191660083+0.000000000i , -0.074962292+0.313615235i },
             { +0.152672384-0.347723706i , -0.074962292-0.313615235i , +0.542491017+0.000000000i } }

A[17][2] = { { +0.111690506+0.000000000i , +0.228270739+0.088726518i , +0.051402943-0.191294360i },
             { +0.228270739-0.088726518i , +0.537019095+0.000000000i , -0.046907271-0.431797804i },
             { +0.051402943+0.191294360i , -0.046907271+0.431797804i , +0.351290396+0.000000000i } }

A[18][0] = { { +0.230774432+0.000000000i , -0.001012357+0.198319128i , -0.166701062+0.332260202i },
             { -0.001012357-0.198319128i , +0.170432679+0.000000000i , +0.286263580+0.141799268i },
             { -0.166701062-0.332260202i , +0.286263580-0.141799268i , +0.598792886+0.000000000i } }

A[18][1] = { { +0.592468764+0.000000000i , +0.262234068+0.041206404i , +0.049332827-0.410549772i },
             { +0.262234068-0.041206404i , +0.118934001+0.000000000i , -0.006718557-0.185145569i },
             { +0.049332827+0.410549772i , -0.006718557+0.185145569i , +0.288597231+0.000000000i } }

A[18][2] = { { +0.176756801+0.000000000i , -0.261221711-0.239525532i , +0.117368235+0.078289569i },
             { -0.261221711+0.239525532i , +0.710633316+0.000000000i , -0.279545023+0.043346302i },
             { +0.117368235-0.078289569i , -0.279545023-0.043346302i , +0.112609880+0.000000000i } }

A[19][0] = { { +0.377504804+0.000000000i , +0.176054846+0.193496738i , -0.360398601+0.191497951i },
             { +0.176054846-0.193496738i , +0.181285903+0.000000000i , -0.069921470+0.274036515i },
             { -0.360398601-0.191497951i , -0.069921470-0.274036515i , +0.441209290+0.000000000i } }

A[19][1] = { { +0.053691025+0.000000000i , -0.200861759+0.000536171i , +0.012358197+0.101537355i },
             { -0.200861759-0.000536171i , +0.751442862+0.000000000i , -0.045218865-0.379981576i },
             { +0.012358197-0.101537355i , -0.045218865+0.379981576i , +0.194866109+0.000000000i } }

A[19][2] = { { +0.568804168+0.000000000i , +0.024806913-0.194032909i , +0.348040405-0.293035306i },
             { +0.024806913+0.194032909i , +0.067271232+0.000000000i , +0.115140334+0.105945061i },
             { +0.348040405+0.293035306i , +0.115140334-0.105945061i , +0.363924597+0.000000000i } }

A[20][0] = { { +0.637860809+0.000000000i , -0.160956622+0.202927266i , -0.364316033+0.176583421i },
             { -0.160956622-0.202927266i , +0.105174222+0.000000000i , +0.148108598+0.071343748i },
             { -0.364316033-0.176583421i , +0.148108598-0.071343748i , +0.256964966+0.000000000i } }

A[20][1] = { { +0.250441469+0.000000000i , -0.067287302-0.291711106i , +0.312859404+0.014716558i },
             { -0.067287302+0.291711106i , +0.357859879+0.000000000i , -0.101199098+0.360460768i },
             { +0.312859404-0.014716558i , -0.101199098-0.360460768i , +0.391698649+0.000000000i } }

A[20][2] = { { +0.111697718+0.000000000i , +0.228243924+0.088783840i , +0.051456629-0.191299980i },
             { +0.228243924-0.088783840i , +0.536965896+0.000000000i , -0.046909500-0.431804517i },
             { +0.051456629+0.191299980i , -0.046909500+0.431804517i , +0.351336382+0.000000000i } }

A[21][0] = { { +0.221615626+0.000000000i , -0.242480420+0.012324965i , +0.322709629+0.097015324i },
             { -0.242480420-0.012324965i , +0.265995055+0.000000000i , -0.347696850-0.124096397i },
             { +0.322709629-0.097015324i , -0.347696850+0.124096397i , +0.512389316+0.000000000i } }

A[21][1] = { { +0.772196939+0.000000000i , +0.247901999-0.075366744i , -0.299865545-0.137309597i },
             { +0.247901999+0.075366744i , +0.086940970+0.000000000i , -0.082865762-0.073348144i },
             { -0.299865545+0.137309597i , -0.082865762+0.073348144i , +0.140862087+0.000000000i } }

A[21][2] = { { +0.006187432+0.000000000i , -0.005421579+0.063041779i , -0.022844085+0.040294273i },
             { -0.005421579-0.063041779i , +0.647063972+0.000000000i , +0.430562613+0.197444541i },
             { -0.022844085-0.040294273i , +0.430562613-0.197444541i , +0.346748593+0.000000000i } }

A[22][0] = { { +0.291498569+0.000000000i , -0.141673351+0.100295126i , +0.275332030-0.317157635i },
             { -0.141673351-0.100295126i , +0.103363987+0.000000000i , -0.242939718+0.059411361i },
             { +0.275332030+0.317157635i , -0.242939718-0.059411361i , +0.605137440+0.000000000i } }

A[22][1] = { { +0.156598925+0.000000000i , -0.291468211-0.023254303i , -0.190547579+0.101354948i },
             { -0.291468211+0.023254303i , +0.545945597+0.000000000i , +0.339604045-0.216941450i },
             { -0.190547579-0.101354948i , +0.339604045+0.216941450i , +0.297455474+0.000000000i } }

A[22][2] = { { +0.551902503+0.000000000i , +0.433141563-0.077040824i , -0.084784451+0.215802687i },
             { +0.433141563+0.077040824i , +0.350690412+0.000000000i , -0.096664327+0.157530089i },
             { -0.084784451-0.215802687i , -0.096664327-0.157530089i , +0.097407082+0.000000000i } }

A[23][0] = { { +0.333914632+0.000000000i , -0.081537036+0.335541799i , +0.282100631-0.153617333i },
             { -0.081537036-0.335541799i , +0.357087053+0.000000000i , -0.223250733-0.245964234i },
             { +0.282100631+0.153617333i , -0.223250733+0.245964234i , +0.308998311+0.000000000i } }

A[23][1] = { { +0.135429206+0.000000000i , +0.239268358-0.089696857i , +0.120629757+0.192981128i },
             { +0.239268358+0.089696857i , +0.482132912+0.000000000i , +0.085307197+0.420842686i },
             { +0.120629757-0.192981128i , +0.085307197-0.420842686i , +0.382437879+0.000000000i } }

A[23][2] = { { +0.530656158+0.000000000i , -0.157731323-0.245844942i , -0.402730388-0.039363795i },
             { -0.157731323+0.245844942i , +0.160780031+0.000000000i , +0.137943537-0.174878452i },
             { -0.402730388+0.039363795i , +0.137943537+0.174878452i , +0.308563807+0.000000000i } }

A[24][0] = { { +0.123147582+0.000000000i , +0.003962269-0.321120024i , +0.026817871-0.064259500i },
             { +0.003962269+0.321120024i , +0.837481094+0.000000000i , +0.168426151+0.067862813i },
             { +0.026817871+0.064259500i , +0.168426151-0.067862813i , +0.039371320+0.000000000i } }

A[24][1] = { { +0.645412540+0.000000000i , +0.060056458+0.297053153i , -0.184520233-0.320873985i },
             { +0.060056458-0.297053153i , +0.142307977+0.000000000i , -0.164853104+0.055068284i },
             { -0.184520233+0.320873985i , -0.164853104-0.055068284i , +0.212279479+0.000000000i } }

A[24][2] = { { +0.231439874+0.000000000i , -0.064018727+0.024066872i , +0.157702362+0.385133486i },
             { -0.064018727-0.024066872i , +0.020210925+0.000000000i , -0.003573047-0.122931096i },
             { +0.157702362-0.385133486i , -0.003573047+0.122931096i , +0.748349197+0.000000000i } }

A[25][0] = { { +0.515025287+0.000000000i , +0.294275026-0.372438816i , +0.128761726-0.088804214i },
             { +0.294275026+0.372438816i , +0.437470685+0.000000000i , +0.137790312+0.042372687i },
             { +0.128761726+0.088804214i , +0.137790312-0.042372687i , +0.047504025+0.000000000i } }

A[25][1] = { { +0.351791012+0.000000000i , -0.289790021+0.209853003i , +0.074205829+0.307426483i },
             { -0.289790021-0.209853003i , +0.363899406+0.000000000i , +0.122260826-0.297510284i },
             { +0.074205829-0.307426483i , +0.122260826+0.297510284i , +0.284309578+0.000000000i } }

A[25][2] = { { +0.133183697+0.000000000i , -0.004485005+0.162585812i , -0.202967555-0.218622269i },
             { -0.004485005-0.162585812i , +0.198629906+0.000000000i , -0.260051139+0.255137598i },
             { -0.202967555+0.218622269i , -0.260051139-0.255137598i , +0.668186393+0.000000000i } }

A[26][0] = { { +0.268715760+0.000000000i , +0.153426697-0.349306620i , -0.144292614-0.173586767i },
             { +0.153426697+0.349306620i , +0.541668540+0.000000000i , +0.143261672-0.286679177i },
             { -0.144292614+0.173586767i , +0.143261672+0.286679177i , +0.189615696+0.000000000i } }

A[26][1] = { { +0.041937015+0.000000000i , +0.039977450-0.068688169i , +0.105557891+0.150730113i },
             { +0.039977450+0.068688169i , +0.150613065+0.000000000i , -0.146253642+0.316579180i },
             { +0.105557891-0.150730113i , -0.146253642-0.316579180i , +0.807449917+0.000000000i } }

A[26][2] = { { +0.689347222+0.000000000i , -0.193404147+0.417994788i , +0.038734724+0.022856654i },
             { -0.193404147-0.417994788i , +0.307718392+0.000000000i , +0.002991969-0.029900003i },
             { +0.038734724-0.022856654i , +0.002991969+0.029900003i , +0.002934383+0.000000000i } }

B[0][0] = { { +0.157166892+0.000000000i , +0.115970479+0.191370389i , -0.242639165-0.153362053i },
            { +0.115970479-0.191370389i , +0.318589852+0.000000000i , -0.365776370+0.182280630i },
            { -0.242639165+0.153362053i , -0.365776370-0.182280630i , +0.524243253+0.000000000i } }

B[0][1] = { { +0.439517364+0.000000000i , +0.282304093-0.215211462i , +0.325565299-0.119739356i },
            { +0.282304093+0.215211462i , +0.286704424+0.000000000i , +0.267743001+0.082505213i },
            { +0.325565299+0.119739356i , +0.267743001-0.082505213i , +0.273778208+0.000000000i } }

B[0][2] = { { +0.403315741+0.000000000i , -0.398274572+0.023841074i , -0.082926134+0.273101409i },
            { -0.398274572-0.023841074i , +0.394705720+0.000000000i , +0.098033369-0.264785843i },
            { -0.082926134-0.273101409i , +0.098033369+0.264785843i , +0.201978536+0.000000000i } }

B[1][0] = { { +0.428463412+0.000000000i , +0.005436333-0.229883252i , -0.344553872-0.270719935i },
            { +0.005436333+0.229883252i , +0.123408117+0.000000000i , +0.140877535-0.188298197i },
            { -0.344553872+0.270719935i , +0.140877535+0.188298197i , +0.448128468+0.000000000i } }

B[1][1] = { { +0.274188302+0.000000000i , -0.180004722-0.173227210i , +0.340191809+0.144461916i },
            { -0.180004722+0.173227210i , +0.227614982+0.000000000i , -0.314604473+0.120087729i },
            { +0.340191809-0.144461916i , -0.314604473-0.120087729i , +0.498196713+0.000000000i } }

B[1][2] = { { +0.297348283+0.000000000i , +0.174568389+0.403110462i , +0.004362063+0.126258019i },
            { +0.174568389-0.403110462i , +0.648976899+0.000000000i , +0.173726937+0.068210468i },
            { +0.004362063-0.126258019i , +0.173726937-0.068210468i , +0.053674815+0.000000000i } }

B[2][0] = { { +0.723751915+0.000000000i , +0.220390610-0.101624598i , -0.168160352+0.335793982i },
            { +0.220390610+0.101624598i , +0.081380894+0.000000000i , -0.098356756+0.078641052i },
            { -0.168160352-0.335793982i , -0.098356756-0.078641052i , +0.194867189+0.000000000i } }

B[2][1] = { { +0.164083166+0.000000000i , -0.302321566-0.072350340i , -0.040195542-0.197259473i },
            { -0.302321566+0.072350340i , +0.588926348+0.000000000i , +0.161038878+0.345724867i },
            { -0.040195542+0.197259473i , +0.161038878-0.345724867i , +0.246990483+0.000000000i } }

B[2][2] = { { +0.112164916+0.000000000i , +0.081930957+0.173974938i , +0.208355894-0.138534509i },
            { +0.081930957-0.173974938i , +0.329692755+0.000000000i , -0.062682122-0.424365920i },
            { +0.208355894+0.138534509i , -0.062682122+0.424365920i , +0.558142325+0.000000000i } }

moments 0 1 = { { +0.333395659+0.000000000i , +0.333265260+0.000000000i , +0.333339075-0.000000000i },
                { +0.333251867-0.000000000i , +0.333356147+0.000000000i , +0.333391980+0.000000000i },
                { +0.333352468-0.000000000i , +0.333378587-0.000000000i , +0.333268939-0.000000000i } }

moments 0 2 = { { +0.333287608+0.000000000i , +0.333325036+0.000000000i , +0.333387349+0.000000000i },
                { +0.333358151+0.000000000i , +0.333382986+0.000000000i , +0.333258857+0.000000000i },
                { +0.333354235-0.000000000i , +0.333291971+0.000000000i , +0.333353787+0.000000000i } }

moments 1 2 = { { +0.333329532+0.000000000i , +0.333320597+0.000000000i , +0.333349864+0.000000000i },
                { +0.333295539+0.000000000i , +0.333358880+0.000000000i , +0.333345574-0.000000000i },
                { +0.333374923-0.000000000i , +0.333320516+0.000000000i , +0.333304554+0.000000000i } }
finished in 4348 ms
final result = 7.34847 <= 7.34847 (0.00000 away)
