iter    0 val 30.263618541 (13.827196830 from ideal, 31.263618541 from prev)
iter    1 val 43.484083676 (0.606731694 from ideal, 13.220465136 from prev)
iter    2 val 43.591356386 (0.499458984 from ideal, 0.107272710 from prev)
iter    3 val 43.661370584 (0.429444787 from ideal, 0.070014198 from prev)
iter    4 val 43.709379137 (0.381436233 from ideal, 0.048008554 from prev)
iter    5 val 43.744086038 (0.346729332 from ideal, 0.034706901 from prev)
iter    6 val 43.770470362 (0.320345008 from ideal, 0.026384324 from prev)
iter    7 val 43.791410373 (0.299404997 from ideal, 0.020940011 from prev)
iter    8 val 43.808612979 (0.282202391 from ideal, 0.017202606 from prev)
iter    9 val 43.823132675 (0.267682695 from ideal, 0.014519696 from prev)
iter   10 val 43.835654195 (0.255161175 from ideal, 0.012521520 from prev)
iter   11 val 43.846645649 (0.244169721 from ideal, 0.010991455 from prev)
iter   12 val 43.856443154 (0.234372217 from ideal, 0.009797504 from prev)
iter   13 val 43.865297652 (0.225517718 from ideal, 0.008854499 from prev)
iter   14 val 43.873403644 (0.217411726 from ideal, 0.008105992 from prev)
iter   15 val 43.880917231 (0.209898139 from ideal, 0.007513587 from prev)
iter   16 val 43.887967999 (0.202847371 from ideal, 0.007050768 from prev)
iter   17 val 43.894667024 (0.196148346 from ideal, 0.006699025 from prev)
iter   18 val 43.901111671 (0.189703700 from ideal, 0.006444647 from prev)
iter   19 val 43.907389416 (0.183425954 from ideal, 0.006277746 from prev)
iter   20 val 43.913579767 (0.177235603 from ideal, 0.006190350 from prev)
iter   21 val 43.919755653 (0.171059717 from ideal, 0.006175886 from prev)
iter   22 val 43.925982442 (0.164832928 from ideal, 0.006226789 from prev)
iter   23 val 43.932317525 (0.158497845 from ideal, 0.006335084 from prev)
iter   24 val 43.938810015 (0.152005355 from ideal, 0.006492489 from prev)
iter   25 val 43.945498626 (0.145316744 from ideal, 0.006688611 from prev)
iter   26 val 43.952413671 (0.138401699 from ideal, 0.006915045 from prev)
iter   27 val 43.959568235 (0.131247135 from ideal, 0.007154564 from prev)
iter   28 val 43.966962724 (0.123852646 from ideal, 0.007394489 from prev)
iter   29 val 43.974581877 (0.116233493 from ideal, 0.007619153 from prev)
iter   30 val 43.982394240 (0.108421130 from ideal, 0.007812363 from prev)
iter   31 val 43.990351310 (0.100464060 from ideal, 0.007957070 from prev)
iter   32 val 43.998391766 (0.092423604 from ideal, 0.008040456 from prev)
iter   33 val 44.006439540 (0.084375830 from ideal, 0.008047774 from prev)
iter   34 val 44.014408803 (0.076406567 from ideal, 0.007969263 from prev)
iter   35 val 44.022210837 (0.068604533 from ideal, 0.007802034 from prev)
iter   36 val 44.029754559 (0.061060811 from ideal, 0.007543722 from prev)
iter   37 val 44.036954780 (0.053860590 from ideal, 0.007200221 from prev)
iter   38 val 44.043735976 (0.047079394 from ideal, 0.006781195 from prev)
iter   39 val 44.050036471 (0.040778899 from ideal, 0.006300496 from prev)
iter   40 val 44.055811205 (0.035004165 from ideal, 0.005774734 from prev)
iter   41 val 44.061033166 (0.029782204 from ideal, 0.005221961 from prev)
iter   42 val 44.065693302 (0.025122068 from ideal, 0.004660136 from prev)
iter   43 val 44.069799155 (0.021016215 from ideal, 0.004105853 from prev)
iter   44 val 44.073372473 (0.017442897 from ideal, 0.003573318 from prev)
iter   45 val 44.076446201 (0.014369169 from ideal, 0.003073728 from prev)
iter   46 val 44.079061209 (0.011754161 from ideal, 0.002615008 from prev)
iter   47 val 44.081263136 (0.009552234 from ideal, 0.002201927 from prev)
iter   48 val 44.083099557 (0.007715813 from ideal, 0.001836421 from prev)
iter   49 val 44.084617653 (0.006197717 from ideal, 0.001518096 from prev)
iter   50 val 44.085862467 (0.004952903 from ideal, 0.001244814 from prev)
iter   51 val 44.086875662 (0.003939708 from ideal, 0.001013195 from prev)
iter   52 val 44.087694807 (0.003120563 from ideal, 0.000819145 from prev)
iter   53 val 44.088353045 (0.002462326 from ideal, 0.000658238 from prev)
iter   54 val 44.088879090 (0.001936280 from ideal, 0.000526046 from prev)
iter   55 val 44.089297425 (0.001517945 from ideal, 0.000418335 from prev)
iter   56 val 44.089628638 (0.001186732 from ideal, 0.000331213 from prev)
iter   57 val 44.089889841 (0.000925529 from ideal, 0.000261203 from prev)
iter   58 val 44.090095107 (0.000720263 from ideal, 0.000205266 from prev)
iter   59 val 44.090255913 (0.000559457 from ideal, 0.000160806 from prev)
iter   60 val 44.090381540 (0.000433830 from ideal, 0.000125627 from prev)
iter   61 val 44.090479442 (0.000335928 from ideal, 0.000097902 from prev)
iter   62 val 44.090555570 (0.000259800 from ideal, 0.000076128 from prev)
iter   63 val 44.090614653 (0.000200717 from ideal, 0.000059083 from prev)
iter   64 val 44.090660428 (0.000154942 from ideal, 0.000045776 from prev)
iter   65 val 44.090695839 (0.000119531 from ideal, 0.000035411 from prev)
iter   66 val 44.090723195 (0.000092175 from ideal, 0.000027356 from prev)
iter   67 val 44.090744302 (0.000071068 from ideal, 0.000021107 from prev)
iter   68 val 44.090760571 (0.000054799 from ideal, 0.000016269 from prev)
iter   69 val 44.090773100 (0.000042270 from ideal, 0.000012529 from prev)
iter   70 val 44.090782738 (0.000032632 from ideal, 0.000009639 from prev)
iter   71 val 44.090790148 (0.000025222 from ideal, 0.000007409 from prev)
iter   72 val 44.090795839 (0.000019531 from ideal, 0.000005692 from prev)
iter   73 val 44.090800209 (0.000015161 from ideal, 0.000004370 from prev)
iter   74 val 44.090803562 (0.000011808 from ideal, 0.000003353 from prev)
iter   75 val 44.090806133 (0.000009237 from ideal, 0.000002571 from prev)
iter   76 val 44.090808103 (0.000007267 from ideal, 0.000001970 from prev)
iter   77 val 44.090809612 (0.000005758 from ideal, 0.000001509 from prev)
iter   78 val 44.090810768 (0.000004602 from ideal, 0.000001155 from prev)
iter   79 val 44.090811652 (0.000003718 from ideal, 0.000000884 from prev)
iter   80 val 44.090812328 (0.000003042 from ideal, 0.000000676 from prev)
iter   81 val 44.090812844 (0.000002526 from ideal, 0.000000517 from prev)
iter   82 val 44.090813239 (0.000002131 from ideal, 0.000000395 from prev)
iter   83 val 44.090813541 (0.000001829 from ideal, 0.000000302 from prev)
iter   84 val 44.090813770 (0.000001600 from ideal, 0.000000229 from prev)
iter   85 val 44.090813945 (0.000001425 from ideal, 0.000000175 from prev)
iter   86 val 44.090814079 (0.000001291 from ideal, 0.000000134 from prev)
iter   87 val 44.090814180 (0.000001191 from ideal, 0.000000101 from prev)
iter   88 val 44.090814257 (0.000001113 from ideal, 0.000000077 from prev)
iter   89 val 44.090814315 (0.000001055 from ideal, 0.000000059 from prev)
iter   90 val 44.090814360 (0.000001010 from ideal, 0.000000045 from prev)
iter   91 val 44.090814393 (0.000000977 from ideal, 0.000000033 from prev)
iter   92 val 44.090814419 (0.000000951 from ideal, 0.000000025 from prev)
iter   93 val 44.090814438 (0.000000933 from ideal, 0.000000019 from prev)
iter   94 val 44.090814452 (0.000000918 from ideal, 0.000000014 from prev)
iter   95 val 44.090814463 (0.000000907 from ideal, 0.000000011 from prev)
iter   96 val 44.090814470 (0.000000900 from ideal, 0.000000007 from prev)
iter   97 val 44.090814477 (0.000000893 from ideal, 0.000000007 from prev)
iter   98 val 44.090814481 (0.000000889 from ideal, 0.000000004 from prev)
iter   99 val 44.090814484 (0.000000886 from ideal, 0.000000003 from prev)
iter  100 val 44.090814486 (0.000000884 from ideal, 0.000000002 from prev)
iter  101 val 44.090814488 (0.000000882 from ideal, 0.000000001 from prev)
iter  102 val 44.090814488 (0.000000882 from ideal, 0.000000000 from prev)
iter  103 val 44.090814489 (0.000000881 from ideal, 0.000000001 from prev)
iter  104 val 44.090814490 (0.000000880 from ideal, 0.000000000 from prev)
iter  105 val 44.090814491 (0.000000879 from ideal, 0.000000001 from prev)
iter  106 val 44.090814491 (0.000000879 from ideal, 0.000000000 from prev)

A[0][0] = { { +0.776799748+0.000000000i , -0.286230307+0.219938344i , +0.040550940-0.203560420i },
            { -0.286230307-0.219938344i , +0.167740357+0.000000000i , -0.072576808+0.063525320i },
            { +0.040550940+0.203560420i , -0.072576808-0.063525320i , +0.055459890+0.000000000i } }
(0.999999995,0.000000000)

A[0][1] = { { +0.217972748+0.000000000i , +0.244664457-0.207499306i , -0.076875274+0.248262276i },
            { +0.244664457+0.207499306i , +0.472153793+0.000000000i , -0.322622424+0.205481596i },
            { -0.076875274-0.248262276i , -0.322622424-0.205481596i , +0.309873454+0.000000000i } }
(0.999999995,0.000000000)

A[0][2] = { { +0.005227500+0.000000000i , +0.041565850-0.012439038i , +0.036324334-0.044701856i },
            { +0.041565850+0.012439038i , +0.360105845+0.000000000i , +0.395199232-0.269006916i },
            { +0.036324334+0.044701856i , +0.395199232+0.269006916i , +0.634666650+0.000000000i } }
(0.999999995,0.000000000)

A[1][0] = { { +0.911731841+0.000000000i , -0.145300121-0.095474991i , -0.222311574-0.028754760i },
            { -0.145300121+0.095474991i , +0.033154055+0.000000000i , +0.038440317-0.018697514i },
            { -0.222311574+0.028754760i , +0.038440317+0.018697514i , +0.055114100+0.000000000i } }
(0.999999995,0.000000000)

A[1][1] = { { +0.058694208+0.000000000i , +0.032273959+0.153701472i , +0.162099088-0.065630258i },
            { +0.032273959-0.153701472i , +0.420241669+0.000000000i , -0.082731988-0.460573835i },
            { +0.162099088+0.065630258i , -0.082731988+0.460573835i , +0.521064119+0.000000000i } }
(0.999999995,0.000000000)

A[1][2] = { { +0.029573947+0.000000000i , +0.113026161-0.058226480i , +0.060212487+0.094385018i },
            { +0.113026161+0.058226480i , +0.546604272+0.000000000i , +0.044291671+0.479271350i },
            { +0.060212487-0.094385018i , +0.044291671-0.479271350i , +0.423821777+0.000000000i } }
(0.999999995,0.000000000)

A[2][0] = { { +0.940666848+0.000000000i , +0.049542281+0.138765337i , +0.165455827+0.082017189i },
            { +0.049542281-0.138765337i , +0.023079655+0.000000000i , +0.020813103-0.020088111i },
            { +0.165455827-0.082017189i , +0.020813103+0.020088111i , +0.036253492+0.000000000i } }
(0.999999995,0.000000000)

A[2][1] = { { +0.038713226+0.000000000i , -0.116470906-0.056776405i , -0.078355967-0.119523309i },
            { -0.116470906+0.056776405i , +0.433676920+0.000000000i , +0.411029911+0.244676543i },
            { -0.078355967+0.119523309i , +0.411029911-0.244676543i , +0.527609849+0.000000000i } }
(0.999999995,0.000000000)

A[2][2] = { { +0.020619921+0.000000000i , +0.066928625-0.081988932i , -0.087099860+0.037506120i },
            { +0.066928625+0.081988932i , +0.543243420+0.000000000i , -0.431843014-0.224588432i },
            { -0.087099860-0.037506120i , -0.431843014+0.224588432i , +0.436136654+0.000000000i } }
(0.999999995,0.000000000)

A[3][0] = { { +0.030182904+0.000000000i , +0.006779496-0.005338400i , +0.068816291-0.156402520i },
            { +0.006779496+0.005338400i , +0.002466973+0.000000000i , +0.043119777-0.022958758i },
            { +0.068816291+0.156402520i , +0.043119777+0.022958758i , +0.967350118+0.000000000i } }
(0.999999995,0.000000000)

A[3][1] = { { +0.642696122+0.000000000i , +0.349468541-0.298028905i , -0.054225037+0.125490859i },
            { +0.349468541+0.298028905i , +0.328225885+0.000000000i , -0.087677280+0.043091094i },
            { -0.054225037-0.125490859i , -0.087677280-0.043091094i , +0.029077988+0.000000000i } }
(0.999999995,0.000000000)

A[3][2] = { { +0.327120969+0.000000000i , -0.356248037+0.303367304i , -0.014591254+0.030911661i },
            { -0.356248037-0.303367304i , +0.669307137+0.000000000i , +0.044557503-0.020132336i },
            { -0.014591254-0.030911661i , +0.044557503+0.020132336i , +0.003571889+0.000000000i } }
(0.999999995,0.000000000)

A[4][0] = { { +0.058442794+0.000000000i , +0.054678839+0.045777538i , -0.167324020+0.148136899i },
            { +0.054678839-0.045777538i , +0.087014315+0.000000000i , -0.040513807+0.269659214i },
            { -0.167324020-0.148136899i , -0.040513807-0.269659214i , +0.854542886+0.000000000i } }
(0.999999995,0.000000000)

A[4][1] = { { +0.376737079+0.000000000i , +0.043920616+0.429769935i , +0.211467418-0.058792422i },
            { +0.043920616-0.429769935i , +0.495388539+0.000000000i , -0.042415350-0.248089576i },
            { +0.211467418+0.058792422i , -0.042415350+0.248089576i , +0.127874377+0.000000000i } }
(0.999999995,0.000000000)

A[4][2] = { { +0.564820122+0.000000000i , -0.098599455-0.475547474i , -0.044143398-0.089344478i },
            { -0.098599455+0.475547474i , +0.417597141+0.000000000i , +0.082929157-0.021569638i },
            { -0.044143398+0.089344478i , +0.082929157+0.021569638i , +0.017582732+0.000000000i } }
(0.999999995,0.000000000)

A[5][0] = { { +0.066299013+0.000000000i , -0.045662718-0.062034735i , +0.093993605+0.217106557i },
            { -0.045662718+0.062034735i , +0.089494447+0.000000000i , -0.267879606-0.061581737i },
            { +0.093993605-0.217106557i , -0.267879606+0.061581737i , +0.844206534+0.000000000i } }
(0.999999995,0.000000000)

A[5][1] = { { +0.335702641+0.000000000i , -0.399956089-0.122710481i , -0.155337884-0.154446650i },
            { -0.399956089+0.122710481i , +0.521362441+0.000000000i , +0.241524938+0.127226561i },
            { -0.155337884+0.154446650i , +0.241524938-0.127226561i , +0.142934912+0.000000000i } }
(0.999999995,0.000000000)

A[5][2] = { { +0.597998340+0.000000000i , +0.445618807+0.184745216i , +0.061344279-0.062659907i },
            { +0.445618807-0.184745216i , +0.389143107+0.000000000i , +0.026354668-0.065644824i },
            { +0.061344279+0.062659907i , +0.026354668+0.065644824i , +0.012858548+0.000000000i } }
(0.999999995,0.000000000)

A[6][0] = { { +0.004420626+0.000000000i , -0.031266665+0.054196778i , +0.001757053+0.021979424i },
            { -0.031266665-0.054196778i , +0.885598712+0.000000000i , +0.257040259-0.177000067i },
            { +0.001757053-0.021979424i , +0.257040259+0.177000067i , +0.109980657+0.000000000i } }
(0.999999995,0.000000000)

A[6][1] = { { +0.588060269+0.000000000i , +0.145478974-0.134283061i , -0.133287944+0.430445839i },
            { +0.145478974+0.134283061i , +0.066653159+0.000000000i , -0.131265768+0.076050894i },
            { -0.133287944-0.430445839i , -0.131265768-0.076050894i , +0.345286568+0.000000000i } }
(0.999999995,0.000000000)

A[6][2] = { { +0.407519101+0.000000000i , -0.114212309+0.080086283i , +0.131530891-0.452425264i },
            { -0.114212309-0.080086283i , +0.047748124+0.000000000i , -0.125774492+0.100949173i },
            { +0.131530891+0.452425264i , -0.125774492-0.100949173i , +0.544732770+0.000000000i } }
(0.999999995,0.000000000)

A[7][0] = { { +0.102422404+0.000000000i , +0.093501050-0.282099440i , +0.055289049-0.023508054i },
            { +0.093501050+0.282099440i , +0.862336193+0.000000000i , +0.115220830+0.130820831i },
            { +0.055289049+0.023508054i , +0.115220830-0.130820831i , +0.035241399+0.000000000i } }
(0.999999995,0.000000000)

A[7][1] = { { +0.391832869+0.000000000i , -0.083134069+0.206081235i , +0.422072587-0.103797097i },
            { -0.083134069-0.206081235i , +0.126025031+0.000000000i , -0.144141168-0.199963233i },
            { +0.422072587+0.103797097i , -0.144141168+0.199963233i , +0.482142094+0.000000000i } }
(0.999999995,0.000000000)

A[7][2] = { { +0.505744722+0.000000000i , -0.010366981+0.076018205i , -0.477361636+0.127305151i },
            { -0.010366981-0.076018205i , +0.011638771+0.000000000i , +0.028920337+0.069142402i },
            { -0.477361636-0.127305151i , +0.028920337-0.069142402i , +0.482616502+0.000000000i } }
(0.999999995,0.000000000)

A[8][0] = { { +0.109065603+0.000000000i , +0.303995046-0.013749459i , -0.036172859-0.057094467i },
            { +0.303995046+0.013749459i , +0.849049002+0.000000000i , -0.093625791-0.163697758i },
            { -0.036172859+0.057094467i , -0.093625791+0.163697758i , +0.041885390+0.000000000i } }
(0.999999995,0.000000000)

A[8][1] = { { +0.349587754+0.000000000i , -0.216206975+0.029724384i , -0.297544704-0.302017042i },
            { -0.216206975-0.029724384i , +0.136243320+0.000000000i , +0.158340705+0.212085596i },
            { -0.297544704+0.302017042i , +0.158340705-0.212085596i , +0.514168921+0.000000000i } }
(0.999999995,0.000000000)

A[8][2] = { { +0.541346638+0.000000000i , -0.087788071-0.015974925i , +0.333717562+0.359111509i },
            { -0.087788071+0.015974925i , +0.014707673+0.000000000i , -0.064714913-0.048387838i },
            { +0.333717562-0.359111509i , -0.064714913+0.048387838i , +0.443945684+0.000000000i } }
(0.999999995,0.000000000)

A[9][0] = { { +0.829234968+0.000000000i , -0.282060308+0.184994670i , +0.120885279+0.114934878i },
            { -0.282060308-0.184994670i , +0.137212076+0.000000000i , -0.015477638-0.066062934i },
            { +0.120885279-0.114934878i , -0.015477638+0.066062934i , +0.033552951+0.000000000i } }
(0.999999995,0.000000000)

A[9][1] = { { +0.141202969+0.000000000i , +0.169063738-0.126787128i , -0.181108457-0.209300956i },
            { +0.169063738+0.126787128i , +0.316264767+0.000000000i , -0.028910194-0.413216680i },
            { -0.181108457+0.209300956i , -0.028910194+0.413216680i , +0.542532259+0.000000000i } }
(0.999999995,0.000000000)

A[9][2] = { { +0.029562058+0.000000000i , +0.112996570-0.058207542i , +0.060223178+0.094366078i },
            { +0.112996570+0.058207542i , +0.546523152+0.000000000i , +0.044387833+0.479279615i },
            { +0.060223178-0.094366078i , +0.044387833-0.479279615i , +0.423914785+0.000000000i } }
(0.999999995,0.000000000)

A[10][0] = { { +0.872424464+0.000000000i , -0.183386402-0.091627601i , +0.039861450-0.260163179i },
             { -0.183386402+0.091627601i , +0.048171729+0.000000000i , +0.018944994+0.058873632i },
             { +0.039861450+0.260163179i , +0.018944994-0.058873632i , +0.079403802+0.000000000i } }
(0.999999995,0.000000000)

A[10][1] = { { +0.106963913+0.000000000i , +0.116467877+0.173599838i , +0.047229893+0.222688794i },
             { +0.116467877-0.173599838i , +0.408564628+0.000000000i , +0.412844878+0.165822170i },
             { +0.047229893-0.222688794i , +0.412844878-0.165822170i , +0.484471453+0.000000000i } }
(0.999999995,0.000000000)

A[10][2] = { { +0.020611618+0.000000000i , +0.066918525-0.081972236i , -0.087091344+0.037474385i },
             { +0.066918525+0.081972236i , +0.543263638+0.000000000i , -0.431789871-0.224695803i },
             { -0.087091344-0.037474385i , -0.431789871+0.224695803i , +0.436124739+0.000000000i } }
(0.999999995,0.000000000)

A[11][0] = { { +0.927541158+0.000000000i , +0.083454304+0.169856801i , -0.177108315-0.005023279i },
             { +0.083454304-0.169856801i , +0.038613874+0.000000000i , -0.016854977+0.031981153i },
             { -0.177108315+0.005023279i , -0.016854977-0.031981153i , +0.033844963+0.000000000i } }
(0.999999995,0.000000000)

A[11][1] = { { +0.067222434+0.000000000i , -0.125058292-0.157412111i , +0.140746992+0.049756528i },
             { -0.125058292+0.157412111i , +0.601259833+0.000000000i , -0.378353725+0.237016325i },
             { +0.140746992-0.049756528i , -0.378353725-0.237016325i , +0.331517728+0.000000000i } }
(0.999999995,0.000000000)

A[11][2] = { { +0.005236403+0.000000000i , +0.041603988-0.012444691i , +0.036361323-0.044733248i },
             { +0.041603988+0.012444691i , +0.360126288+0.000000000i , +0.395208702-0.268997478i },
             { +0.036361323+0.044733248i , +0.395208702+0.268997478i , +0.634637304+0.000000000i } }
(0.999999995,0.000000000)

A[12][0] = { { +0.094776244+0.000000000i , +0.046702947-0.063216877i , +0.161071667+0.231672358i },
             { +0.046702947+0.063216877i , +0.065180262+0.000000000i , -0.075156826+0.221598059i },
             { +0.161071667-0.231672358i , -0.075156826-0.221598059i , +0.840043489+0.000000000i } }
(0.999999995,0.000000000)

A[12][1] = { { +0.578069488+0.000000000i , +0.309540701-0.240177445i , -0.146503576-0.262566544i },
             { +0.309540701+0.240177445i , +0.265540158+0.000000000i , +0.030642930-0.201466938i },
             { -0.146503576+0.262566544i , +0.030642930+0.201466938i , +0.156390349+0.000000000i } }
(0.999999995,0.000000000)

A[12][2] = { { +0.327154263+0.000000000i , -0.356243648+0.303394321i , -0.014568091+0.030894186i },
             { -0.356243648-0.303394321i , +0.669279575+0.000000000i , +0.044513897-0.020131121i },
             { -0.014568091-0.030894186i , +0.044513897+0.020131121i , +0.003566157+0.000000000i } }
(0.999999995,0.000000000)

A[13][0] = { { +0.014612261+0.000000000i , -0.006532885+0.037741038i , +0.021174721-0.111728703i },
             { -0.006532885-0.037741038i , +0.100399631+0.000000000i , -0.298043649-0.004738860i },
             { +0.021174721+0.111728703i , -0.298043649+0.004738860i , +0.884988103+0.000000000i } }
(0.999999995,0.000000000)

A[13][1] = { { +0.420498332+0.000000000i , +0.105044114+0.437811031i , +0.022971010+0.201094590i },
             { +0.105044114-0.437811031i , +0.482077488+0.000000000i , +0.215112398+0.026318396i },
             { +0.022971010-0.201094590i , +0.215112398-0.026318396i , +0.097424176+0.000000000i } }
(0.999999995,0.000000000)

A[13][2] = { { +0.564889402+0.000000000i , -0.098511229-0.475552069i , -0.044145732-0.089365888i },
             { -0.098511229+0.475552069i , +0.417522877+0.000000000i , +0.082931252-0.021579535i },
             { -0.044145732+0.089365888i , +0.082931252+0.021579535i , +0.017587716+0.000000000i } }
(0.999999995,0.000000000)

A[14][0] = { { +0.045500107+0.000000000i , -0.024424468+0.003906445i , -0.186822960+0.088967419i },
             { -0.024424468-0.003906445i , +0.013446467+0.000000000i , +0.107925019-0.031717947i },
             { -0.186822960-0.088967419i , +0.107925019+0.031717947i , +0.941053421+0.000000000i } }
(0.999999995,0.000000000)

A[14][1] = { { +0.356543559+0.000000000i , -0.421239451-0.188546175i , +0.125447815-0.026281995i },
             { -0.421239451+0.188546175i , +0.597381006+0.000000000i , -0.134312344+0.097389838i },
             { +0.125447815+0.026281995i , -0.134312344-0.097389838i , +0.046075430+0.000000000i } }
(0.999999995,0.000000000)

A[14][2] = { { +0.597956329+0.000000000i , +0.445663919+0.184639730i , +0.061375145-0.062685424i },
             { +0.445663919-0.184639730i , +0.389172522+0.000000000i , +0.026387325-0.065671891i },
             { +0.061375145+0.062685424i , +0.026387325+0.065671891i , +0.012871144+0.000000000i } }
(0.999999995,0.000000000)

A[15][0] = { { +0.002064516+0.000000000i , -0.004571602+0.044395813i , -0.007058748+0.004304749i },
             { -0.004571602-0.044395813i , +0.964824993+0.000000000i , +0.108201318+0.142261342i },
             { -0.007058748-0.004304749i , +0.108201318-0.142261342i , +0.033110487+0.000000000i } }
(0.999999995,0.000000000)

A[15][1] = { { +0.456519778+0.000000000i , +0.092378763-0.028427017i , -0.326697479-0.363367964i },
             { +0.092378763+0.028427017i , +0.020463366+0.000000000i , -0.043482111-0.093872209i },
             { -0.326697479+0.363367964i , -0.043482111+0.093872209i , +0.523016851+0.000000000i } }
(0.999999995,0.000000000)

A[15][2] = { { +0.541415702+0.000000000i , -0.087807160-0.015968797i , +0.333756227+0.359063215i },
             { -0.087807160+0.015968797i , +0.014711636+0.000000000i , -0.064719207-0.048389133i },
             { +0.333756227-0.359063215i , -0.064719207+0.048389133i , +0.443872657+0.000000000i } }
(0.999999995,0.000000000)

A[16][0] = { { +0.107797033+0.000000000i , +0.084266849-0.292144818i , -0.060710094+0.006450899i },
             { +0.084266849+0.292144818i , +0.857625659+0.000000000i , -0.064940998-0.159489949i },
             { -0.060710094-0.006450899i , -0.064940998+0.159489949i , +0.034577303+0.000000000i } }
(0.999999995,0.000000000)

A[16][1] = { { +0.484771652+0.000000000i , +0.029928444+0.212089403i , -0.070913923+0.445939087i },
             { +0.029928444-0.212089403i , +0.094637603+0.000000000i , +0.190721986+0.058556141i },
             { -0.070913923-0.445939087i , +0.190721986-0.058556141i , +0.420590739+0.000000000i } }
(0.999999995,0.000000000)

A[16][2] = { { +0.407431310+0.000000000i , -0.114195293+0.080055415i , +0.131624017-0.452389986i },
             { -0.114195293-0.080055415i , +0.047736733+0.000000000i , -0.125780988+0.100933808i },
             { +0.131624017+0.452389986i , -0.125780988-0.100933808i , +0.544831953+0.000000000i } }
(0.999999995,0.000000000)

A[17][0] = { { +0.106027455+0.000000000i , +0.286508335+0.006136375i , +0.088588422-0.069376054i },
             { +0.286508335-0.006136375i , +0.774560565+0.000000000i , +0.235369289-0.192595690i },
             { +0.088588422+0.069376054i , +0.235369289+0.192595690i , +0.119411974+0.000000000i } }
(0.999999995,0.000000000)

A[17][1] = { { +0.388199386+0.000000000i , -0.276142789-0.082130891i , +0.388768516-0.057959680i },
             { -0.276142789+0.082130891i , +0.213808491+0.000000000i , -0.264285183+0.123480502i },
             { +0.388768516+0.057959680i , -0.264285183-0.123480502i , +0.397992118+0.000000000i } }
(0.999999995,0.000000000)

A[17][2] = { { +0.505773154+0.000000000i , -0.010365547+0.075994516i , -0.477356938+0.127335734i },
             { -0.010365547-0.075994516i , +0.011630938+0.000000000i , +0.028915894+0.069115187i },
             { -0.477356938-0.127335734i , +0.028915894-0.069115187i , +0.482595903+0.000000000i } }
(0.999999995,0.000000000)

A[18][0] = { { +0.815516257+0.000000000i , -0.246238810+0.224697490i , -0.196658339+0.025543348i },
             { -0.246238810-0.224697490i , +0.136260336+0.000000000i , +0.066417361+0.046472243i },
             { -0.196658339-0.025543348i , +0.066417361-0.046472243i , +0.048223403+0.000000000i } }
(0.999999995,0.000000000)

A[18][1] = { { +0.163876203+0.000000000i , +0.179338239-0.142737865i , +0.283743987-0.063038371i },
             { +0.179338239+0.142737865i , +0.320585308+0.000000000i , +0.365422847+0.178157776i },
             { +0.283743987+0.063038371i , +0.365422847-0.178157776i , +0.515538484+0.000000000i } }
(0.999999995,0.000000000)

A[18][2] = { { +0.020607535+0.000000000i , +0.066900571-0.081959625i , -0.087085648+0.037495023i },
             { +0.066900571+0.081959625i , +0.543154352+0.000000000i , -0.431840208-0.224630019i },
             { -0.087085648-0.037495023i , -0.431840208+0.224630019i , +0.436238108+0.000000000i } }
(0.999999995,0.000000000)

A[19][0] = { { +0.928545976+0.000000000i , -0.170286070-0.137211477i , +0.111013169+0.078740538i },
             { -0.170286070+0.137211477i , +0.051504546+0.000000000i , -0.031994214+0.001964212i },
             { +0.111013169-0.078740538i , -0.031994214-0.001964212i , +0.019949472+0.000000000i } }
(0.999999995,0.000000000)

A[19][1] = { { +0.066218371+0.000000000i , +0.128689306+0.149667732i , -0.147363243-0.034003000i },
             { +0.128689306-0.149667732i , +0.588377018+0.000000000i , -0.363240962+0.266990863i },
             { -0.147363243+0.034003000i , -0.363240962-0.266990863i , +0.345404605+0.000000000i } }
(0.999999995,0.000000000)

A[19][2] = { { +0.005235647+0.000000000i , +0.041596764-0.012456256i , +0.036350074-0.044737538i },
             { +0.041596764+0.012456256i , +0.360118430+0.000000000i , +0.395235176-0.268955075i },
             { +0.036350074+0.044737538i , +0.395235176+0.268955075i , +0.634645917+0.000000000i } }
(0.999999995,0.000000000)

A[20][0] = { { +0.885136671+0.000000000i , +0.034522066+0.175729647i , +0.069310057-0.254545011i },
             { +0.034522066-0.175729647i , +0.036234730+0.000000000i , -0.047832589-0.023688146i },
             { +0.069310057+0.254545011i , -0.047832589+0.023688146i , +0.078628594+0.000000000i } }
(0.999999995,0.000000000)

A[20][1] = { { +0.085293514+0.000000000i , -0.147545651-0.117507371i , -0.129541388+0.160186937i },
             { -0.147545651+0.117507371i , +0.417120851+0.000000000i , +0.003401470-0.455567511i },
             { -0.129541388-0.160186937i , +0.003401470+0.455567511i , +0.497585630+0.000000000i } }
(0.999999995,0.000000000)

A[20][2] = { { +0.029569810+0.000000000i , +0.113023585-0.058222276i , +0.060231330+0.094358073i },
             { +0.113023585+0.058222276i , +0.546644414+0.000000000i , +0.044431120+0.479255657i },
             { +0.060231330-0.094358073i , +0.044431120-0.479255657i , +0.423785771+0.000000000i } }
(0.999999995,0.000000000)

A[21][0] = { { +0.076566737+0.000000000i , +0.059493015-0.035370446i , -0.230114077+0.113847667i },
             { +0.059493015+0.035370446i , +0.062566185+0.000000000i , -0.231393233-0.017841912i },
             { -0.230114077-0.113847667i , -0.231393233+0.017841912i , +0.860867072+0.000000000i } }
(0.999999995,0.000000000)

A[21][1] = { { +0.596243473+0.000000000i , +0.296788708-0.267998750i , +0.244707380-0.144736339i },
             { +0.296788708+0.267998750i , +0.268190575+0.000000000i , +0.186862504+0.037946178i },
             { +0.244707380+0.144736339i , +0.186862504-0.037946178i , +0.135565947+0.000000000i } }
(0.999999995,0.000000000)

A[21][2] = { { +0.327189785+0.000000000i , -0.356281723+0.303369196i , -0.014593303+0.030888672i },
             { -0.356281723-0.303369196i , +0.669243234+0.000000000i , +0.044530729-0.020104267i },
             { -0.014593303-0.030888672i , +0.044530729+0.020104267i , +0.003566976+0.000000000i } }
(0.999999995,0.000000000)

A[22][0] = { { +0.063106922+0.000000000i , -0.006102896+0.026933752i , +0.154071889+0.186074199i },
             { -0.006102896-0.026933752i , +0.012085413+0.000000000i , +0.064515807-0.083751942i },
             { +0.154071889-0.186074199i , +0.064515807+0.083751942i , +0.924807660+0.000000000i } }
(0.999999995,0.000000000)

A[22][1] = { { +0.372120067+0.000000000i , +0.104573465+0.448640258i , -0.109919478-0.096699135i },
             { +0.104573465-0.448640258i , +0.570282888+0.000000000i , -0.147473333+0.105348097i },
             { -0.109919478+0.096699135i , -0.147473333-0.105348097i , +0.057597040+0.000000000i } }
(0.999999995,0.000000000)

A[22][2] = { { +0.564773007+0.000000000i , -0.098470569-0.475574011i , -0.044152411-0.089375064i },
             { -0.098470569+0.475574011i , +0.417631694+0.000000000i , +0.082957526-0.021596155i },
             { -0.044152411+0.089375064i , +0.082957526+0.021596155i , +0.017595295+0.000000000i } }
(0.999999995,0.000000000)

A[23][0] = { { +0.015219109+0.000000000i , -0.037631748-0.013125795i , +0.071539452-0.091000841i },
             { -0.037631748+0.013125795i , +0.104371158+0.000000000i , -0.098408983+0.286714232i },
             { +0.071539452+0.091000841i , -0.098408983-0.286714232i , +0.880409728+0.000000000i } }
(0.999999995,0.000000000)

A[23][1] = { { +0.386743500+0.000000000i , -0.408009355-0.171537238i , -0.132894229+0.153673072i },
             { -0.408009355+0.171537238i , +0.506528674+0.000000000i , +0.072041122-0.221067360i },
             { -0.132894229-0.153673072i , +0.072041122+0.221067360i , +0.106727821+0.000000000i } }
(0.999999995,0.000000000)

A[23][2] = { { +0.598037386+0.000000000i , +0.445641104+0.184663033i , +0.061354776-0.062672231i },
             { +0.445641104-0.184663033i , +0.389100163+0.000000000i , +0.026367861-0.065646871i },
             { +0.061354776+0.062672231i , +0.026367861+0.065646871i , +0.012862446+0.000000000i } }
(0.999999995,0.000000000)

A[24][0] = { { +0.001679684+0.000000000i , -0.030527008+0.026207992i , +0.007247299+0.002360800i },
             { -0.030527008-0.026207992i , +0.963732167+0.000000000i , -0.094879569-0.155985780i },
             { +0.007247299-0.002360800i , -0.094879569+0.155985780i , +0.034588144+0.000000000i } }
(0.999999995,0.000000000)

A[24][1] = { { +0.492535839+0.000000000i , +0.040903215-0.102247991i , +0.470119435-0.129631242i },
             { +0.040903215+0.102247991i , +0.024623031+0.000000000i , +0.065952423+0.086829085i },
             { +0.470119435+0.129631242i , +0.065952423-0.086829085i , +0.482841125+0.000000000i } }
(0.999999995,0.000000000)

A[24][2] = { { +0.505784472+0.000000000i , -0.010376207+0.076040000i , -0.477366735+0.127270442i },
             { -0.010376207-0.076040000i , +0.011644797+0.000000000i , +0.028927146+0.069156695i },
             { -0.477366735-0.127270442i , +0.028927146-0.069156695i , +0.482570726+0.000000000i } }
(0.999999995,0.000000000)

A[25][0] = { { +0.089198949+0.000000000i , +0.071494894-0.254931673i , -0.028849339-0.101530915i },
             { +0.071494894+0.254931673i , +0.785902565+0.000000000i , +0.267053235-0.163831018i },
             { -0.028849339+0.101530915i , +0.267053235+0.163831018i , +0.124898481+0.000000000i } }
(0.999999995,0.000000000)

A[25][1] = { { +0.369345523+0.000000000i , +0.016277405+0.270891257i , -0.304823161-0.257614450i },
             { +0.016277405-0.270891257i , +0.199398733+0.000000000i , -0.202377535+0.212214937i },
             { -0.304823161+0.257614450i , -0.202377535-0.212214937i , +0.431255739+0.000000000i } }
(0.999999995,0.000000000)

A[25][2] = { { +0.541455523+0.000000000i , -0.087772299-0.015959584i , +0.333672500+0.359145365i },
             { -0.087772299+0.015959584i , +0.014698697+0.000000000i , -0.064675700-0.048383919i },
             { +0.333672500-0.359145365i , -0.064675700+0.048383919i , +0.443845775+0.000000000i } }
(0.999999995,0.000000000)

A[26][0] = { { +0.125007732+0.000000000i , +0.325210773-0.012916701i , +0.042506309+0.040560051i },
             { +0.325210773+0.012916701i , +0.847378730+0.000000000i , +0.106390279+0.109910074i },
             { +0.042506309-0.040560051i , +0.106390279-0.109910074i , +0.027613533+0.000000000i } }
(0.999999995,0.000000000)

A[26][1] = { { +0.467611565+0.000000000i , -0.211040825-0.067148943i , -0.173976097+0.411869008i },
             { -0.211040825+0.067148943i , +0.104888790+0.000000000i , +0.019373962-0.210866230i },
             { -0.173976097-0.411869008i , +0.019373962+0.210866230i , +0.427499640+0.000000000i } }
(0.999999995,0.000000000)

A[26][2] = { { +0.407380698+0.000000000i , -0.114169948+0.080065644i , +0.131469788-0.452429059i },
             { -0.114169948-0.080065644i , +0.047732475+0.000000000i , -0.125764242+0.100956157i },
             { +0.131469788+0.452429059i , -0.125764242-0.100956157i , +0.544886821+0.000000000i } }
(0.999999995,0.000000000)

A[27][0] = { { +0.401019105+0.000000000i , +0.218033021-0.209534447i , +0.099572017+0.372619242i },
             { +0.218033021+0.209534447i , +0.228026773+0.000000000i , -0.140558342+0.254618967i },
             { +0.099572017-0.372619242i , -0.140558342-0.254618967i , +0.370954117+0.000000000i } }
(0.999999995,0.000000000)

A[27][1] = { { +0.271825414+0.000000000i , +0.138224694-0.093847361i , -0.085004823-0.403481270i },
             { +0.138224694+0.093847361i , +0.102688699+0.000000000i , +0.096075964-0.234520224i },
             { -0.085004823+0.403481270i , +0.096075964+0.234520224i , +0.625485882+0.000000000i } }
(0.999999995,0.000000000)

A[27][2] = { { +0.327155477+0.000000000i , -0.356257715+0.303381808i , -0.014567194+0.030862028i },
             { -0.356257715-0.303381808i , +0.669284523+0.000000000i , +0.044482378-0.020098743i },
             { -0.014567194-0.030862028i , +0.044482378+0.020098743i , +0.003559995+0.000000000i } }
(0.999999995,0.000000000)

A[28][0] = { { +0.399583936+0.000000000i , +0.172604083-0.386381984i , -0.128189047+0.210715355i },
             { +0.172604083+0.386381984i , +0.448174201+0.000000000i , -0.259125972-0.032933273i },
             { -0.128189047-0.210715355i , -0.259125972+0.032933273i , +0.152241858+0.000000000i } }
(0.999999995,0.000000000)

A[28][1] = { { +0.192935709+0.000000000i , -0.058489267+0.306344494i , -0.003368131+0.241727579i },
             { -0.058489267-0.306344494i , +0.504146936+0.000000000i , +0.384837608-0.067932786i },
             { -0.003368131-0.241727579i , +0.384837608+0.067932786i , +0.302917351+0.000000000i } }
(0.999999995,0.000000000)

A[28][2] = { { +0.407480350+0.000000000i , -0.114114815+0.080037489i , +0.131557178-0.452442934i },
             { -0.114114815-0.080037489i , +0.047678858+0.000000000i , -0.125711636+0.100866059i },
             { +0.131557178+0.452442934i , -0.125711636-0.100866059i , +0.544840787+0.000000000i } }
(0.999999995,0.000000000)

A[29][0] = { { +0.648094759+0.000000000i , +0.348946967-0.043886471i , -0.235776261+0.220878873i },
             { +0.348946967+0.043886471i , +0.190851738+0.000000000i , -0.141903635+0.102959670i },
             { -0.235776261-0.220878873i , -0.141903635-0.102959670i , +0.161053497+0.000000000i } }
(0.999999995,0.000000000)

A[29][1] = { { +0.346677578+0.000000000i , -0.390509909+0.056338047i , +0.199462381-0.176167597i },
             { -0.390509909-0.056338047i , +0.449039617+0.000000000i , -0.253310216+0.166027090i },
             { +0.199462381+0.176167597i , -0.253310216-0.166027090i , +0.204282800+0.000000000i } }
(0.999999995,0.000000000)

A[29][2] = { { +0.005227657+0.000000000i , +0.041562941-0.012451575i , +0.036313880-0.044711276i },
             { +0.041562941+0.012451575i , +0.360108640+0.000000000i , +0.395213851-0.268986760i },
             { +0.036313880+0.044711276i , +0.395213851+0.268986760i , +0.634663698+0.000000000i } }
(0.999999995,0.000000000)

A[30][0] = { { +0.402746146+0.000000000i , -0.193256950+0.309581866i , +0.313104560+0.096529958i },
             { -0.193256950-0.309581866i , +0.330702569+0.000000000i , -0.076042214-0.286996107i },
             { +0.313104560-0.096529958i , -0.076042214+0.286996107i , +0.266551279+0.000000000i } }
(0.999999995,0.000000000)

A[30][1] = { { +0.567734260+0.000000000i , +0.080340789-0.251395986i , -0.373291117-0.190817233i },
             { +0.080340789+0.251395986i , +0.122688717+0.000000000i , +0.031670072-0.192298227i },
             { -0.373291117+0.190817233i , +0.031670072+0.192298227i , +0.309577018+0.000000000i } }
(0.999999995,0.000000000)

A[30][2] = { { +0.029519589+0.000000000i , +0.112916161-0.058185880i , +0.060186557+0.094287275i },
             { +0.112916161+0.058185880i , +0.546608708+0.000000000i , +0.044372142+0.479294334i },
             { +0.060186557-0.094287275i , +0.044372142-0.479294334i , +0.423871698+0.000000000i } }
(0.999999995,0.000000000)

A[31][0] = { { +0.173797895+0.000000000i , -0.011887139+0.229756271i , +0.210554385-0.215243532i },
             { -0.011887139-0.229756271i , +0.304544856+0.000000000i , -0.298947485-0.263625544i },
             { +0.210554385+0.215243532i , -0.298947485+0.263625544i , +0.521657243+0.000000000i } }
(0.999999995,0.000000000)

A[31][1] = { { +0.261359855+0.000000000i , +0.110421607+0.245817900i , -0.166438941+0.304515311i },
             { +0.110421607-0.245817900i , +0.277852079+0.000000000i , +0.216088517+0.285195847i },
             { -0.166438941-0.304515311i , +0.216088517-0.285195847i , +0.460788061+0.000000000i } }
(0.999999995,0.000000000)

A[31][2] = { { +0.564842245+0.000000000i , -0.098534468-0.475574171i , -0.044115443-0.089271780i },
             { -0.098534468+0.475574171i , +0.417603059+0.000000000i , +0.082858969-0.021570303i },
             { -0.044115443+0.089271780i , +0.082858969+0.021570303i , +0.017554691+0.000000000i } }
(0.999999995,0.000000000)

A[32][0] = { { +0.250726093+0.000000000i , +0.198210800+0.250228860i , +0.271971536-0.109507926i },
             { +0.198210800-0.250228860i , +0.406427610+0.000000000i , +0.105715580-0.358003368i },
             { +0.271971536+0.109507926i , +0.105715580+0.358003368i , +0.342846292+0.000000000i } }
(0.999999995,0.000000000)

A[32][1] = { { +0.243494192+0.000000000i , -0.187856675-0.326206405i , +0.205394898-0.017802961i },
             { -0.187856675+0.326206405i , +0.581947161+0.000000000i , -0.134612510+0.288900285i },
