iter    0 val 48.919584769 (24.565107515 from ideal, 49.919584769 from prev)
iter    1 val 72.134543252 (1.350149032 from ideal, 23.214958483 from prev)
iter    2 val 72.319296834 (1.165395449 from ideal, 0.184753582 from prev)
iter    3 val 72.468584878 (1.016107405 from ideal, 0.149288044 from prev)
iter    4 val 72.588195414 (0.896496869 from ideal, 0.119610536 from prev)
iter    5 val 72.683586285 (0.801105998 from ideal, 0.095390871 from prev)
iter    6 val 72.759605472 (0.725086812 from ideal, 0.076019186 from prev)
iter    7 val 72.820360104 (0.664332180 from ideal, 0.060754632 from prev)
iter    8 val 72.869169186 (0.615523098 from ideal, 0.048809082 from prev)
iter    9 val 72.908638011 (0.576054272 from ideal, 0.039468825 from prev)
iter   10 val 72.940775828 (0.543916456 from ideal, 0.032137816 from prev)
iter   11 val 72.967122404 (0.517569879 from ideal, 0.026346577 from prev)
iter   12 val 72.988859629 (0.495832655 from ideal, 0.021737225 from prev)
iter   13 val 73.006901075 (0.477791209 from ideal, 0.018041446 from prev)
iter   14 val 73.021959658 (0.462732625 from ideal, 0.015058583 from prev)
iter   15 val 73.034597318 (0.450094966 from ideal, 0.012637660 from prev)
iter   16 val 73.045260959 (0.439431324 from ideal, 0.010663642 from prev)
iter   17 val 73.054309114 (0.430383169 from ideal, 0.009048155 from prev)
iter   18 val 73.062031192 (0.422661092 from ideal, 0.007722078 from prev)
iter   19 val 73.068661729 (0.416030554 from ideal, 0.006630537 from prev)
iter   20 val 73.074391942 (0.410300342 from ideal, 0.005730213 from prev)
iter   21 val 73.079378041 (0.405314243 from ideal, 0.004986099 from prev)
iter   22 val 73.083747980 (0.400944303 from ideal, 0.004369939 from prev)
iter   23 val 73.087606793 (0.397085490 from ideal, 0.003858813 from prev)
iter   24 val 73.091040844 (0.393651440 from ideal, 0.003434051 from prev)
iter   25 val 73.094121274 (0.390571010 from ideal, 0.003080430 from prev)
iter   26 val 73.096906797 (0.387785487 from ideal, 0.002785523 from prev)
iter   27 val 73.099445944 (0.385246340 from ideal, 0.002539147 from prev)
iter   28 val 73.101778929 (0.382913354 from ideal, 0.002332986 from prev)
iter   29 val 73.103939144 (0.380753140 from ideal, 0.002160215 from prev)
iter   30 val 73.105954361 (0.378737922 from ideal, 0.002015218 from prev)
iter   31 val 73.107847803 (0.376844480 from ideal, 0.001893442 from prev)
iter   32 val 73.109638917 (0.375053367 from ideal, 0.001791113 from prev)
iter   33 val 73.111344045 (0.373348239 from ideal, 0.001705128 from prev)
iter   34 val 73.112977015 (0.371715268 from ideal, 0.001632971 from prev)
iter   35 val 73.114549500 (0.370142783 from ideal, 0.001572485 from prev)
iter   36 val 73.116071443 (0.368620841 from ideal, 0.001521942 from prev)
iter   37 val 73.117551361 (0.367140923 from ideal, 0.001479918 from prev)
iter   38 val 73.118996583 (0.365695701 from ideal, 0.001445222 from prev)
iter   39 val 73.120413447 (0.364278836 from ideal, 0.001416865 from prev)
iter   40 val 73.121807466 (0.362884818 from ideal, 0.001394018 from prev)
iter   41 val 73.123183460 (0.361508824 from ideal, 0.001375994 from prev)
iter   42 val 73.124545668 (0.360146615 from ideal, 0.001362208 from prev)
iter   43 val 73.125897830 (0.358794454 from ideal, 0.001352162 from prev)
iter   44 val 73.127243260 (0.357449024 from ideal, 0.001345430 from prev)
iter   45 val 73.128584904 (0.356107380 from ideal, 0.001341644 from prev)
iter   46 val 73.129925385 (0.354766898 from ideal, 0.001340481 from prev)
iter   47 val 73.131267039 (0.353425244 from ideal, 0.001341654 from prev)
iter   48 val 73.132611945 (0.352080339 from ideal, 0.001344905 from prev)
iter   49 val 73.133961940 (0.350730344 from ideal, 0.001349995 from prev)
iter   50 val 73.135318616 (0.349373667 from ideal, 0.001356677 from prev)
iter   51 val 73.136683345 (0.348008938 from ideal, 0.001364729 from prev)
iter   52 val 73.138057280 (0.346635004 from ideal, 0.001373934 from prev)
iter   53 val 73.139441348 (0.345250935 from ideal, 0.001384068 from prev)
iter   54 val 73.140836258 (0.343856026 from ideal, 0.001394910 from prev)
iter   55 val 73.142242500 (0.342449784 from ideal, 0.001406242 from prev)
iter   56 val 73.143660296 (0.341031988 from ideal, 0.001417796 from prev)
iter   57 val 73.145089636 (0.339602648 from ideal, 0.001429340 from prev)
iter   58 val 73.146530254 (0.338162030 from ideal, 0.001440618 from prev)
iter   59 val 73.147981623 (0.336710660 from ideal, 0.001451369 from prev)
iter   60 val 73.149442910 (0.335249374 from ideal, 0.001461287 from prev)
iter   61 val 73.150913085 (0.333779198 from ideal, 0.001470176 from prev)
iter   62 val 73.152390804 (0.332301480 from ideal, 0.001477718 from prev)
iter   63 val 73.153874440 (0.330817844 from ideal, 0.001483636 from prev)
iter   64 val 73.155362101 (0.329330183 from ideal, 0.001487661 from prev)
iter   65 val 73.156851635 (0.327840649 from ideal, 0.001489534 from prev)
iter   66 val 73.158340651 (0.326351633 from ideal, 0.001489016 from prev)
iter   67 val 73.159826535 (0.324865749 from ideal, 0.001485884 from prev)
iter   68 val 73.161306477 (0.323385806 from ideal, 0.001479942 from prev)
iter   69 val 73.162777510 (0.321914773 from ideal, 0.001471033 from prev)
iter   70 val 73.164236544 (0.320455740 from ideal, 0.001459033 from prev)
iter   71 val 73.165680400 (0.319011884 from ideal, 0.001443856 from prev)
iter   72 val 73.167105864 (0.317586419 from ideal, 0.001425464 from prev)
iter   73 val 73.168509727 (0.316182556 from ideal, 0.001403863 from prev)
iter   74 val 73.169888815 (0.314803469 from ideal, 0.001379088 from prev)
iter   75 val 73.171240064 (0.313452220 from ideal, 0.001351249 from prev)
iter   76 val 73.172560549 (0.312131735 from ideal, 0.001320485 from prev)
iter   77 val 73.173847524 (0.310844759 from ideal, 0.001286976 from prev)
iter   78 val 73.175098463 (0.309593820 from ideal, 0.001250939 from prev)
iter   79 val 73.176311093 (0.308381191 from ideal, 0.001212630 from prev)
iter   80 val 73.177483421 (0.307208863 from ideal, 0.001172328 from prev)
iter   81 val 73.178613751 (0.306078532 from ideal, 0.001130331 from prev)
iter   82 val 73.179700701 (0.304991582 from ideal, 0.001086950 from prev)
iter   83 val 73.180743213 (0.303949070 from ideal, 0.001042512 from prev)
iter   84 val 73.181740550 (0.302951733 from ideal, 0.000997337 from prev)
iter   85 val 73.182692294 (0.301999990 from ideal, 0.000951743 from prev)
iter   86 val 73.183598329 (0.301093955 from ideal, 0.000906035 from prev)
iter   87 val 73.184458833 (0.300233450 from ideal, 0.000860504 from prev)
iter   88 val 73.185274257 (0.299418027 from ideal, 0.000815423 from prev)
iter   89 val 73.186045295 (0.298646989 from ideal, 0.000771038 from prev)
iter   90 val 73.186772867 (0.297919417 from ideal, 0.000727572 from prev)
iter   91 val 73.187458087 (0.297234196 from ideal, 0.000685221 from prev)
iter   92 val 73.188102241 (0.296590043 from ideal, 0.000644153 from prev)
iter   93 val 73.188706731 (0.295985552 from ideal, 0.000604491 from prev)
iter   94 val 73.189273100 (0.295419184 from ideal, 0.000566368 from prev)
iter   95 val 73.189802979 (0.294889305 from ideal, 0.000529879 from prev)
iter   96 val 73.190298050 (0.294394234 from ideal, 0.000495071 from prev)
iter   97 val 73.190760033 (0.293932250 from ideal, 0.000461983 from prev)
iter   98 val 73.191190671 (0.293501613 from ideal, 0.000430638 from prev)
iter   99 val 73.191591702 (0.293100582 from ideal, 0.000401031 from prev)
iter  100 val 73.191964849 (0.292727434 from ideal, 0.000373147 from prev)
iter  101 val 73.192311804 (0.292380480 from ideal, 0.000346954 from prev)
iter  102 val 73.192634213 (0.292058071 from ideal, 0.000322409 from prev)
iter  103 val 73.192933673 (0.291758610 from ideal, 0.000299460 from prev)
iter  104 val 73.193211720 (0.291480564 from ideal, 0.000278047 from prev)
iter  105 val 73.193469824 (0.291222460 from ideal, 0.000258104 from prev)
iter  106 val 73.193709386 (0.290982898 from ideal, 0.000239562 from prev)
iter  107 val 73.193931735 (0.290760549 from ideal, 0.000222349 from prev)
iter  108 val 73.194138126 (0.290554158 from ideal, 0.000206391 from prev)
iter  109 val 73.194329737 (0.290362547 from ideal, 0.000191611 from prev)
iter  110 val 73.194507679 (0.290184604 from ideal, 0.000177942 from prev)
iter  111 val 73.194672986 (0.290019298 from ideal, 0.000165307 from prev)
iter  112 val 73.194826625 (0.289865659 from ideal, 0.000153639 from prev)
iter  113 val 73.194969491 (0.289722793 from ideal, 0.000142866 from prev)
iter  114 val 73.195102418 (0.289589865 from ideal, 0.000132928 from prev)
iter  115 val 73.195226177 (0.289466106 from ideal, 0.000123759 from prev)
iter  116 val 73.195341482 (0.289350801 from ideal, 0.000115305 from prev)
iter  117 val 73.195448989 (0.289243295 from ideal, 0.000107506 from prev)
iter  118 val 73.195549304 (0.289142979 from ideal, 0.000100315 from prev)
iter  119 val 73.195642985 (0.289049298 from ideal, 0.000093681 from prev)
iter  120 val 73.195730544 (0.288961739 from ideal, 0.000087559 from prev)
iter  121 val 73.195812450 (0.288879833 from ideal, 0.000081906 from prev)
iter  122 val 73.195889138 (0.288803146 from ideal, 0.000076688 from prev)
iter  123 val 73.195961001 (0.288731282 from ideal, 0.000071863 from prev)
iter  124 val 73.196028404 (0.288663880 from ideal, 0.000067402 from prev)
iter  125 val 73.196091677 (0.288600606 from ideal, 0.000063274 from prev)
iter  126 val 73.196151127 (0.288541156 from ideal, 0.000059450 from prev)
iter  127 val 73.196207033 (0.288485250 from ideal, 0.000055906 from prev)
iter  128 val 73.196259650 (0.288432634 from ideal, 0.000052617 from prev)
iter  129 val 73.196309208 (0.288383075 from ideal, 0.000049558 from prev)
iter  130 val 73.196355939 (0.288336345 from ideal, 0.000046731 from prev)
iter  131 val 73.196400004 (0.288292280 from ideal, 0.000044065 from prev)
iter  132 val 73.196441619 (0.288250665 from ideal, 0.000041615 from prev)
iter  133 val 73.196480938 (0.288211346 from ideal, 0.000039319 from prev)
iter  134 val 73.196518115 (0.288174169 from ideal, 0.000037177 from prev)
iter  135 val 73.196553289 (0.288138994 from ideal, 0.000035175 from prev)
iter  136 val 73.196586590 (0.288105693 from ideal, 0.000033301 from prev)
iter  137 val 73.196618138 (0.288074145 from ideal, 0.000031548 from prev)
iter  138 val 73.196648041 (0.288044242 from ideal, 0.000029903 from prev)
iter  139 val 73.196676402 (0.288015882 from ideal, 0.000028360 from prev)
iter  140 val 73.196703313 (0.287988971 from ideal, 0.000026911 from prev)
iter  141 val 73.196728860 (0.287963423 from ideal, 0.000025547 from prev)
iter  142 val 73.196753127 (0.287939156 from ideal, 0.000024267 from prev)
iter  143 val 73.196776185 (0.287916098 from ideal, 0.000023058 from prev)
iter  144 val 73.196798106 (0.287894178 from ideal, 0.000021920 from prev)
iter  145 val 73.196818951 (0.287873332 from ideal, 0.000020846 from prev)
iter  146 val 73.196838783 (0.287853500 from ideal, 0.000019832 from prev)
iter  147 val 73.196857655 (0.287834628 from ideal, 0.000018872 from prev)
iter  148 val 73.196875622 (0.287816662 from ideal, 0.000017966 from prev)
iter  149 val 73.196892731 (0.287799553 from ideal, 0.000017109 from prev)
iter  150 val 73.196909028 (0.287783256 from ideal, 0.000016297 from prev)
iter  151 val 73.196924554 (0.287767730 from ideal, 0.000015526 from prev)
iter  152 val 73.196939351 (0.287752932 from ideal, 0.000014798 from prev)
iter  153 val 73.196953415 (0.287738869 from ideal, 0.000014063 from prev)
iter  154 val 73.196966901 (0.287725382 from ideal, 0.000013487 from prev)
iter  155 val 73.196979725 (0.287712558 from ideal, 0.000012824 from prev)
iter  156 val 73.196991957 (0.287700327 from ideal, 0.000012232 from prev)
iter  157 val 73.197003626 (0.287688658 from ideal, 0.000011669 from prev)
iter  158 val 73.197014758 (0.287677526 from ideal, 0.000011132 from prev)
iter  159 val 73.197025382 (0.287666902 from ideal, 0.000010624 from prev)
iter  160 val 73.197035519 (0.287656764 from ideal, 0.000010138 from prev)
iter  161 val 73.197045197 (0.287647086 from ideal, 0.000009678 from prev)
iter  162 val 73.197054435 (0.287637849 from ideal, 0.000009237 from prev)
iter  163 val 73.197063254 (0.287629029 from ideal, 0.000008820 from prev)
iter  164 val 73.197071675 (0.287620609 from ideal, 0.000008420 from prev)
iter  165 val 73.197079717 (0.287612567 from ideal, 0.000008042 from prev)
iter  166 val 73.197087394 (0.287604889 from ideal, 0.000007678 from prev)
iter  167 val 73.197094728 (0.287597555 from ideal, 0.000007334 from prev)
iter  168 val 73.197101734 (0.287590550 from ideal, 0.000007005 from prev)
iter  169 val 73.197108424 (0.287583859 from ideal, 0.000006691 from prev)
iter  170 val 73.197114816 (0.287577468 from ideal, 0.000006392 from prev)
iter  171 val 73.197120922 (0.287571361 from ideal, 0.000006106 from prev)
iter  172 val 73.197126756 (0.287565528 from ideal, 0.000005834 from prev)
iter  173 val 73.197132329 (0.287559955 from ideal, 0.000005573 from prev)
iter  174 val 73.197137654 (0.287554630 from ideal, 0.000005325 from prev)
iter  175 val 73.197142743 (0.287549541 from ideal, 0.000005089 from prev)
iter  176 val 73.197147605 (0.287544679 from ideal, 0.000004862 from prev)
iter  177 val 73.197152251 (0.287540033 from ideal, 0.000004646 from prev)
iter  178 val 73.197156691 (0.287535593 from ideal, 0.000004440 from prev)
iter  179 val 73.197161034 (0.287531249 from ideal, 0.000004344 from prev)
iter  180 val 73.197164991 (0.287527292 from ideal, 0.000003957 from prev)
iter  181 val 73.197168867 (0.287523417 from ideal, 0.000003876 from prev)
iter  182 val 73.197172571 (0.287519713 from ideal, 0.000003704 from prev)
iter  183 val 73.197176111 (0.287516172 from ideal, 0.000003541 from prev)
iter  184 val 73.197179495 (0.287512789 from ideal, 0.000003384 from prev)
iter  185 val 73.197182729 (0.287509555 from ideal, 0.000003234 from prev)
iter  186 val 73.197185820 (0.287506463 from ideal, 0.000003092 from prev)
iter  187 val 73.197188775 (0.287503509 from ideal, 0.000002954 from prev)
iter  188 val 73.197191599 (0.287500684 from ideal, 0.000002824 from prev)
iter  189 val 73.197194299 (0.287497985 from ideal, 0.000002700 from prev)
iter  190 val 73.197196879 (0.287495404 from ideal, 0.000002580 from prev)
iter  191 val 73.197199347 (0.287492937 from ideal, 0.000002467 from prev)
iter  192 val 73.197201705 (0.287490579 from ideal, 0.000002358 from prev)
iter  193 val 73.197203959 (0.287488325 from ideal, 0.000002254 from prev)
iter  194 val 73.197206113 (0.287486170 from ideal, 0.000002155 from prev)
iter  195 val 73.197208173 (0.287484110 from ideal, 0.000002060 from prev)
iter  196 val 73.197210143 (0.287482141 from ideal, 0.000001970 from prev)
iter  197 val 73.197212025 (0.287480258 from ideal, 0.000001883 from prev)
iter  198 val 73.197213901 (0.287478383 from ideal, 0.000001875 from prev)
iter  199 val 73.197215546 (0.287476737 from ideal, 0.000001646 from prev)
iter  200 val 73.197217191 (0.287475092 from ideal, 0.000001645 from prev)
iter  201 val 73.197218763 (0.287473520 from ideal, 0.000001572 from prev)
iter  202 val 73.197220267 (0.287472017 from ideal, 0.000001504 from prev)
iter  203 val 73.197221703 (0.287470580 from ideal, 0.000001436 from prev)
iter  204 val 73.197223078 (0.287469206 from ideal, 0.000001375 from prev)
iter  205 val 73.197224391 (0.287467893 from ideal, 0.000001313 from prev)
iter  206 val 73.197225646 (0.287466637 from ideal, 0.000001256 from prev)
iter  207 val 73.197226847 (0.287465437 from ideal, 0.000001200 from prev)
iter  208 val 73.197227994 (0.287464289 from ideal, 0.000001148 from prev)
iter  209 val 73.197229092 (0.287463192 from ideal, 0.000001097 from prev)
iter  210 val 73.197230141 (0.287462143 from ideal, 0.000001049 from prev)
iter  211 val 73.197231144 (0.287461140 from ideal, 0.000001003 from prev)
iter  212 val 73.197232102 (0.287460181 from ideal, 0.000000959 from prev)
iter  213 val 73.197233018 (0.287459265 from ideal, 0.000000916 from prev)
iter  214 val 73.197233895 (0.287458388 from ideal, 0.000000877 from prev)
iter  215 val 73.197234732 (0.287457551 from ideal, 0.000000837 from prev)
iter  216 val 73.197235534 (0.287456749 from ideal, 0.000000802 from prev)
iter  217 val 73.197236300 (0.287455984 from ideal, 0.000000765 from prev)
iter  218 val 73.197237031 (0.287455252 from ideal, 0.000000732 from prev)
iter  219 val 73.197237732 (0.287454552 from ideal, 0.000000700 from prev)
iter  220 val 73.197238478 (0.287453805 from ideal, 0.000000747 from prev)
iter  221 val 73.197239041 (0.287453242 from ideal, 0.000000563 from prev)
iter  222 val 73.197239655 (0.287452628 from ideal, 0.000000614 from prev)
iter  223 val 73.197240239 (0.287452045 from ideal, 0.000000583 from prev)
iter  224 val 73.197240797 (0.287451486 from ideal, 0.000000559 from prev)
iter  225 val 73.197241331 (0.287450953 from ideal, 0.000000533 from prev)
iter  226 val 73.197241843 (0.287450440 from ideal, 0.000000512 from prev)
iter  227 val 73.197242331 (0.287449952 from ideal, 0.000000488 from prev)
iter  228 val 73.197242799 (0.287449485 from ideal, 0.000000467 from prev)
iter  229 val 73.197243244 (0.287449039 from ideal, 0.000000446 from prev)
iter  230 val 73.197243672 (0.287448611 from ideal, 0.000000428 from prev)
iter  231 val 73.197244081 (0.287448203 from ideal, 0.000000409 from prev)
iter  232 val 73.197244470 (0.287447814 from ideal, 0.000000389 from prev)
iter  233 val 73.197244843 (0.287447441 from ideal, 0.000000373 from prev)
iter  234 val 73.197245199 (0.287447084 from ideal, 0.000000357 from prev)
iter  235 val 73.197245540 (0.287446743 from ideal, 0.000000341 from prev)
iter  236 val 73.197245867 (0.287446416 from ideal, 0.000000327 from prev)
iter  237 val 73.197246178 (0.287446105 from ideal, 0.000000311 from prev)
iter  238 val 73.197246478 (0.287445805 from ideal, 0.000000300 from prev)
iter  239 val 73.197246746 (0.287445538 from ideal, 0.000000268 from prev)
iter  240 val 73.197247033 (0.287445250 from ideal, 0.000000288 from prev)
iter  241 val 73.197247294 (0.287444990 from ideal, 0.000000260 from prev)
iter  242 val 73.197247542 (0.287444741 from ideal, 0.000000249 from prev)
iter  243 val 73.197247781 (0.287444502 from ideal, 0.000000239 from prev)
iter  244 val 73.197248008 (0.287444275 from ideal, 0.000000227 from prev)
iter  245 val 73.197248225 (0.287444058 from ideal, 0.000000217 from prev)
iter  246 val 73.197248434 (0.287443850 from ideal, 0.000000209 from prev)
iter  247 val 73.197248633 (0.287443650 from ideal, 0.000000199 from prev)
iter  248 val 73.197248822 (0.287443462 from ideal, 0.000000189 from prev)
iter  249 val 73.197249005 (0.287443279 from ideal, 0.000000183 from prev)
iter  250 val 73.197249178 (0.287443105 from ideal, 0.000000174 from prev)
iter  251 val 73.197249344 (0.287442940 from ideal, 0.000000166 from prev)
iter  252 val 73.197249502 (0.287442781 from ideal, 0.000000159 from prev)
iter  253 val 73.197249655 (0.287442629 from ideal, 0.000000152 from prev)
iter  254 val 73.197249799 (0.287442485 from ideal, 0.000000144 from prev)
iter  255 val 73.197249937 (0.287442347 from ideal, 0.000000138 from prev)
iter  256 val 73.197250071 (0.287442212 from ideal, 0.000000134 from prev)
iter  257 val 73.197250196 (0.287442088 from ideal, 0.000000124 from prev)
iter  258 val 73.197250319 (0.287441965 from ideal, 0.000000123 from prev)
iter  259 val 73.197250435 (0.287441848 from ideal, 0.000000116 from prev)
iter  260 val 73.197250521 (0.287441763 from ideal, 0.000000086 from prev)
iter  261 val 73.197250651 (0.287441632 from ideal, 0.000000131 from prev)
iter  262 val 73.197250752 (0.287441532 from ideal, 0.000000100 from prev)
iter  263 val 73.197250849 (0.287441435 from ideal, 0.000000097 from prev)
iter  264 val 73.197250941 (0.287441343 from ideal, 0.000000092 from prev)
iter  265 val 73.197251046 (0.287441238 from ideal, 0.000000105 from prev)
iter  266 val 73.197251113 (0.287441170 from ideal, 0.000000067 from prev)
iter  267 val 73.197251193 (0.287441090 from ideal, 0.000000080 from prev)
iter  268 val 73.197251271 (0.287441013 from ideal, 0.000000078 from prev)
iter  269 val 73.197251345 (0.287440938 from ideal, 0.000000075 from prev)
iter  270 val 73.197251582 (0.287440701 from ideal, 0.000000237 from prev)
iter  271 val 73.197251485 (0.287440798 from ideal, 0.000000097 from prev)
iter  272 val 73.197251550 (0.287440734 from ideal, 0.000000065 from prev)
iter  273 val 73.197251610 (0.287440674 from ideal, 0.000000060 from prev)
iter  274 val 73.197251744 (0.287440539 from ideal, 0.000000135 from prev)
iter  275 val 73.197251725 (0.287440559 from ideal, 0.000000020 from prev)
iter  276 val 73.197251779 (0.287440505 from ideal, 0.000000054 from prev)
iter  277 val 73.197251830 (0.287440453 from ideal, 0.000000051 from prev)
iter  278 val 73.197251879 (0.287440404 from ideal, 0.000000049 from prev)
iter  279 val 73.197251927 (0.287440357 from ideal, 0.000000047 from prev)
iter  280 val 73.197251970 (0.287440313 from ideal, 0.000000044 from prev)
iter  281 val 73.197252013 (0.287440270 from ideal, 0.000000043 from prev)
iter  282 val 73.197252054 (0.287440229 from ideal, 0.000000041 from prev)
iter  283 val 73.197252094 (0.287440190 from ideal, 0.000000039 from prev)
iter  284 val 73.197252356 (0.287439927 from ideal, 0.000000263 from prev)
iter  285 val 73.197252168 (0.287440115 from ideal, 0.000000188 from prev)
iter  286 val 73.197252202 (0.287440082 from ideal, 0.000000033 from prev)
iter  287 val 73.197252236 (0.287440048 from ideal, 0.000000034 from prev)
iter  288 val 73.197252264 (0.287440019 from ideal, 0.000000028 from prev)
iter  289 val 73.197252297 (0.287439987 from ideal, 0.000000032 from prev)
iter  290 val 73.197252324 (0.287439959 from ideal, 0.000000028 from prev)
iter  291 val 73.197252394 (0.287439890 from ideal, 0.000000069 from prev)
iter  292 val 73.197252377 (0.287439906 from ideal, 0.000000016 from prev)
iter  293 val 73.197252403 (0.287439881 from ideal, 0.000000025 from prev)
iter  294 val 73.197252425 (0.287439858 from ideal, 0.000000022 from prev)
iter  295 val 73.197252449 (0.287439835 from ideal, 0.000000024 from prev)
iter  296 val 73.197252469 (0.287439814 from ideal, 0.000000021 from prev)
iter  297 val 73.197252493 (0.287439791 from ideal, 0.000000023 from prev)
iter  298 val 73.197252512 (0.287439771 from ideal, 0.000000019 from prev)
iter  299 val 73.197252531 (0.287439752 from ideal, 0.000000019 from prev)
iter  300 val 73.197252548 (0.287439735 from ideal, 0.000000017 from prev)
iter  301 val 73.197252566 (0.287439718 from ideal, 0.000000017 from prev)
iter  302 val 73.197252582 (0.287439702 from ideal, 0.000000016 from prev)
iter  303 val 73.197252598 (0.287439686 from ideal, 0.000000016 from prev)
iter  304 val 73.197252582 (0.287439701 from ideal, 0.000000016 from prev)
iter  305 val 73.197252626 (0.287439657 from ideal, 0.000000044 from prev)
iter  306 val 73.197252639 (0.287439644 from ideal, 0.000000013 from prev)
iter  307 val 73.197252619 (0.287439664 from ideal, 0.000000020 from prev)
iter  308 val 73.197252665 (0.287439619 from ideal, 0.000000045 from prev)
iter  309 val 73.197252678 (0.287439606 from ideal, 0.000000013 from prev)
iter  310 val 73.197252689 (0.287439594 from ideal, 0.000000012 from prev)
iter  311 val 73.197252701 (0.287439582 from ideal, 0.000000012 from prev)
iter  312 val 73.197252710 (0.287439573 from ideal, 0.000000009 from prev)
iter  313 val 73.197252720 (0.287439563 from ideal, 0.000000010 from prev)
iter  314 val 73.197252730 (0.287439554 from ideal, 0.000000010 from prev)
iter  315 val 73.197252739 (0.287439544 from ideal, 0.000000009 from prev)
iter  316 val 73.197252748 (0.287439536 from ideal, 0.000000009 from prev)
iter  317 val 73.197252756 (0.287439528 from ideal, 0.000000008 from prev)
iter  318 val 73.197252765 (0.287439519 from ideal, 0.000000009 from prev)
iter  319 val 73.197252772 (0.287439512 from ideal, 0.000000007 from prev)
iter  320 val 73.197252778 (0.287439506 from ideal, 0.000000006 from prev)
iter  321 val 73.197252786 (0.287439498 from ideal, 0.000000008 from prev)
iter  322 val 73.197252793 (0.287439491 from ideal, 0.000000007 from prev)
iter  323 val 73.197252798 (0.287439485 from ideal, 0.000000005 from prev)
iter  324 val 73.197252805 (0.287439478 from ideal, 0.000000007 from prev)

A[0][0] = { { +0.042767087+0.000000000i , -0.115396345-0.036281970i , -0.160564018-0.022903065i },
            { -0.115396345+0.036281970i , +0.342148641+0.000000000i , +0.452672240-0.074418245i },
            { -0.160564018+0.022903065i , +0.452672240+0.074418245i , +0.615084264+0.000000000i } }
(0.999999991,0.000000000)

A[0][1] = { { +0.560102752+0.000000000i , +0.347899515-0.244668834i , -0.080223610+0.243012120i },
            { +0.347899515+0.244668834i , +0.322970966+0.000000000i , -0.155984341+0.115899419i },
            { -0.080223610-0.243012120i , -0.155984341-0.115899419i , +0.116926274+0.000000000i } }
(0.999999991,0.000000000)

A[0][2] = { { +0.397130153+0.000000000i , -0.232503170+0.280950803i , +0.240787628-0.220109056i },
            { -0.232503170-0.280950803i , +0.334880385+0.000000000i , -0.296687898-0.041481174i },
            { +0.240787628+0.220109056i , -0.296687898+0.041481174i , +0.267989454+0.000000000i } }
(0.999999991,0.000000000)

A[1][0] = { { +0.041186456+0.000000000i , +0.149528046-0.071476314i , +0.062435189-0.090135823i },
            { +0.149528046+0.071476314i , +0.666906310+0.000000000i , +0.383096624-0.218887505i },
            { +0.062435189+0.090135823i , +0.383096624+0.218887505i , +0.291907226+0.000000000i } }
(0.999999991,0.000000000)

A[1][1] = { { +0.401293353+0.000000000i , -0.077934005+0.296004674i , -0.205511517-0.323000788i },
            { -0.077934005-0.296004674i , +0.233476293+0.000000000i , -0.198342228+0.214319823i },
            { -0.205511517+0.323000788i , -0.198342228-0.214319823i , +0.365230346+0.000000000i } }
(0.999999991,0.000000000)

A[1][2] = { { +0.557520182+0.000000000i , -0.071594041-0.224528361i , +0.143076328+0.413136611i },
            { -0.071594041+0.224528361i , +0.099617389+0.000000000i , -0.184754396+0.004567682i },
            { +0.143076328-0.413136611i , -0.184754396-0.004567682i , +0.342862420+0.000000000i } }
(0.999999991,0.000000000)

A[2][0] = { { +0.164915117+0.000000000i , -0.055432132-0.282784317i , +0.035012767-0.231198008i },
            { -0.055432132+0.282784317i , +0.503529956+0.000000000i , +0.384672695+0.137748841i },
            { +0.035012767+0.231198008i , +0.384672695-0.137748841i , +0.331554919+0.000000000i } }
(0.999999991,0.000000000)

A[2][1] = { { +0.354308633+0.000000000i , -0.260973550+0.112778582i , +0.312223363+0.224642764i },
            { -0.260973550-0.112778582i , +0.228123740+0.000000000i , -0.158469626-0.264847994i },
            { +0.312223363-0.224642764i , -0.158469626+0.264847994i , +0.417567618+0.000000000i } }
(0.999999991,0.000000000)

A[2][2] = { { +0.480776242+0.000000000i , +0.316405682+0.170005736i , -0.347236130+0.006555244i },
            { +0.316405682-0.170005736i , +0.268346295+0.000000000i , -0.226203069+0.127099153i },
            { -0.347236130-0.006555244i , -0.226203069-0.127099153i , +0.250877454+0.000000000i } }
(0.999999991,0.000000000)

A[3][0] = { { +0.022773269+0.000000000i , -0.050967225+0.056043892i , +0.088807510-0.092893961i },
            { -0.050967225-0.056043892i , +0.251987415+0.000000000i , -0.427361335-0.010651590i },
            { +0.088807510+0.092893961i , -0.427361335+0.010651590i , +0.725239308+0.000000000i } }
(0.999999991,0.000000000)

A[3][1] = { { +0.581677553+0.000000000i , +0.377968413-0.265490688i , +0.155396499-0.076388799i },
            { +0.377968413+0.265490688i , +0.366776135+0.000000000i , +0.135840713+0.021289752i },
            { +0.155396499+0.076388799i , +0.135840713-0.021289752i , +0.051546303+0.000000000i } }
(0.999999991,0.000000000)

A[3][2] = { { +0.395549169+0.000000000i , -0.327001187+0.209446797i , -0.244204009+0.169282759i },
            { -0.327001187-0.209446797i , +0.381236442+0.000000000i , +0.291520622-0.010638162i },
            { -0.244204009-0.169282759i , +0.291520622+0.010638162i , +0.223214381+0.000000000i } }
(0.999999991,0.000000000)

A[4][0] = { { +0.102403298+0.000000000i , -0.031900211-0.217818061i , -0.013571359+0.208015231i },
            { -0.031900211+0.217818061i , +0.473249789+0.000000000i , -0.438233434-0.093667114i },
            { -0.013571359-0.208015231i , -0.438233434+0.093667114i , +0.424346904+0.000000000i } }
(0.999999991,0.000000000)

A[4][1] = { { +0.504088329+0.000000000i , -0.293711375+0.036503275i , -0.295258751-0.274238340i },
            { -0.293711375-0.036503275i , +0.173776831+0.000000000i , +0.152176242+0.181168316i },
            { -0.295258751+0.274238340i , +0.152176242-0.181168316i , +0.322134832+0.000000000i } }
(0.999999991,0.000000000)

A[4][2] = { { +0.393508365+0.000000000i , +0.325611586+0.181314786i , +0.308830110+0.066223109i },
            { +0.325611586-0.181314786i , +0.352973372+0.000000000i , +0.286057193-0.087501202i },
            { +0.308830110-0.066223109i , +0.286057193+0.087501202i , +0.253518255+0.000000000i } }
(0.999999991,0.000000000)

A[5][0] = { { +0.035872621+0.000000000i , +0.134119356+0.010224085i , -0.109292767+0.067441217i },
            { +0.134119356-0.010224085i , +0.504355156+0.000000000i , -0.389398809+0.283296751i },
            { -0.109292767-0.067441217i , -0.389398809-0.283296751i , +0.459772214+0.000000000i } }
(0.999999991,0.000000000)

A[5][1] = { { +0.266856304+0.000000000i , -0.105777654+0.292672109i , +0.154182499+0.273908511i },
            { -0.105777654-0.292672109i , +0.362913994+0.000000000i , +0.239291061-0.277671251i },
            { +0.154182499-0.273908511i , +0.239291061+0.277671251i , +0.370229693+0.000000000i } }
(0.999999991,0.000000000)

A[5][2] = { { +0.697271067+0.000000000i , -0.028341701-0.302896194i , -0.044889732-0.341349728i },
            { -0.028341701+0.302896194i , +0.132730841+0.000000000i , +0.150107748-0.005625500i },
            { -0.044889732+0.341349728i , +0.150107748+0.005625500i , +0.169998084+0.000000000i } }
(0.999999991,0.000000000)

A[6][0] = { { +0.790871771+0.000000000i , -0.235871814+0.329292658i , +0.026969047+0.024435542i },
            { -0.235871814-0.329292658i , +0.207453564+0.000000000i , +0.002130822-0.018516740i },
            { +0.026969047-0.024435542i , +0.002130822+0.018516740i , +0.001674657+0.000000000i } }
(0.999999991,0.000000000)

A[6][1] = { { +0.199868078+0.000000000i , +0.231462811-0.320580589i , +0.031439000+0.050847461i },
            { +0.231462811+0.320580589i , +0.782250720+0.000000000i , -0.045148529+0.109312254i },
            { +0.031439000-0.050847461i , -0.045148529-0.109312254i , +0.017881194+0.000000000i } }
(0.999999991,0.000000000)

A[6][2] = { { +0.009260142+0.000000000i , +0.004409003-0.008712069i , -0.058408048-0.075283003i },
            { +0.004409003+0.008712069i , +0.010295708+0.000000000i , +0.043017707-0.090795514i },
            { -0.058408048+0.075283003i , +0.043017707+0.090795514i , +0.980444141+0.000000000i } }
(0.999999991,0.000000000)

A[7][0] = { { +0.852382760+0.000000000i , +0.093248931+0.127276746i , +0.215495037+0.233438474i },
            { +0.093248931-0.127276746i , +0.029206066+0.000000000i , +0.058431462-0.006639770i },
            { +0.215495037-0.233438474i , +0.058431462+0.006639770i , +0.118411166+0.000000000i } }
(0.999999991,0.000000000)

A[7][1] = { { +0.104170522+0.000000000i , -0.130167216+0.053189817i , -0.128328586-0.238910303i },
            { -0.130167216-0.053189817i , +0.189810545+0.000000000i , +0.038365733+0.364057536i },
            { -0.128328586+0.238910303i , +0.038365733-0.364057536i , +0.706018924+0.000000000i } }
(0.999999991,0.000000000)

A[7][2] = { { +0.043446709+0.000000000i , +0.036918285-0.180466563i , -0.087166450+0.005471829i },
            { +0.036918285+0.180466563i , +0.780983381+0.000000000i , -0.096797195-0.357417766i },
            { -0.087166450-0.005471829i , -0.096797195+0.357417766i , +0.175569902+0.000000000i } }
(0.999999991,0.000000000)

A[8][0] = { { +0.946746360+0.000000000i , +0.112753371+0.085620554i , -0.145327539-0.096194352i },
            { +0.112753371-0.085620554i , +0.021171692+0.000000000i , -0.026007372+0.001686619i },
            { -0.145327539+0.096194352i , -0.026007372-0.001686619i , +0.032081939+0.000000000i } }
(0.999999991,0.000000000)

A[8][1] = { { +0.027803472+0.000000000i , -0.088750664+0.039629648i , +0.056083862+0.120157600i },
            { -0.088750664-0.039629648i , +0.339784542+0.000000000i , -0.007757159-0.463490689i },
            { +0.056083862-0.120157600i , -0.007757159+0.463490689i , +0.632411977+0.000000000i } }
(0.999999991,0.000000000)

A[8][2] = { { +0.025450159+0.000000000i , -0.024002708-0.125250202i , +0.089243678-0.023963249i },
            { -0.024002708+0.125250202i , +0.639043757+0.000000000i , +0.033764530+0.461804069i },
            { +0.089243678+0.023963249i , +0.033764530-0.461804069i , +0.335506075+0.000000000i } }
(0.999999991,0.000000000)

A[9][0] = { { +0.007932000+0.000000000i , -0.005455838-0.064027997i , -0.026370530-0.055175322i },
            { -0.005455838+0.064027997i , +0.520594712+0.000000000i , +0.463520478-0.174914988i },
            { -0.026370530+0.055175322i , +0.463520478+0.174914988i , +0.471473280+0.000000000i } }
(0.999999991,0.000000000)

A[9][1] = { { +0.511657135+0.000000000i , -0.310957449-0.105898373i , +0.373618260+0.048625858i },
            { -0.310957449+0.105898373i , +0.210901024+0.000000000i , -0.237129097+0.047776131i },
            { +0.373618260-0.048625858i , -0.237129097-0.047776131i , +0.277441832+0.000000000i } }
(0.999999991,0.000000000)

A[9][2] = { { +0.480410857+0.000000000i , +0.316413288+0.169926370i , -0.347247730+0.006549464i },
            { +0.316413288-0.169926370i , +0.268504255+0.000000000i , -0.226391381+0.127138857i },
            { -0.347247730-0.006549464i , -0.226391381-0.127138857i , +0.251084880+0.000000000i } }
(0.999999991,0.000000000)

A[10][0] = { { +0.002282707+0.000000000i , +0.014050864-0.036017541i , +0.021463909-0.017946927i },
             { +0.014050864+0.036017541i , +0.654792670+0.000000000i , +0.415295003+0.228198551i },
             { +0.021463909+0.017946927i , +0.415295003-0.228198551i , +0.342924614+0.000000000i } }
(0.999999991,0.000000000)

A[10][1] = { { +0.239256289+0.000000000i , +0.240979409-0.044353945i , -0.336325891-0.094123500i },
             { +0.240979409+0.044353945i , +0.250937430+0.000000000i , -0.321299298-0.157150360i },
             { -0.336325891+0.094123500i , -0.321299298+0.157150360i , +0.509806273+0.000000000i } }
(0.999999991,0.000000000)

A[10][2] = { { +0.758460995+0.000000000i , -0.255030274+0.080371486i , +0.314861981+0.112070427i },
             { -0.255030274-0.080371486i , +0.094269891+0.000000000i , -0.093995705-0.071048191i },
             { +0.314861981-0.112070427i , -0.093995705+0.071048191i , +0.147269105+0.000000000i } }
(0.999999991,0.000000000)

A[11][0] = { { +0.255183442+0.000000000i , +0.021848402-0.294208741i , -0.117339377-0.298764409i },
             { +0.021848402+0.294208741i , +0.341072834+0.000000000i , +0.334408147-0.160863886i },
             { -0.117339377+0.298764409i , +0.334408147+0.160863886i , +0.403743716+0.000000000i } }
(0.999999991,0.000000000)

A[11][1] = { { +0.549730134+0.000000000i , +0.214506005+0.374821457i , -0.167241738+0.181805229i },
             { +0.214506005-0.374821457i , +0.339264575+0.000000000i , +0.058701779+0.184970957i },
             { -0.167241738-0.181805229i , +0.058701779-0.184970957i , +0.111005282+0.000000000i } }
(0.999999991,0.000000000)

A[11][2] = { { +0.195086415+0.000000000i , -0.236354406-0.080612716i , +0.284581116+0.116959180i },
             { -0.236354406+0.080612716i , +0.319662582+0.000000000i , -0.393109926-0.024107071i },
             { +0.284581116-0.116959180i , -0.393109926+0.024107071i , +0.485250994+0.000000000i } }
(0.999999991,0.000000000)

A[12][0] = { { +0.127575125+0.000000000i , +0.209026896-0.004993842i , -0.259927410-0.004501625i },
             { +0.209026896+0.004993842i , +0.342677968+0.000000000i , -0.425704772-0.017550438i },
             { -0.259927410+0.004501625i , -0.425704772+0.017550438i , +0.529746898+0.000000000i } }
(0.999999991,0.000000000)

A[12][1] = { { +0.809953575+0.000000000i , -0.214887324-0.181866366i , +0.230756254-0.146384320i },
             { -0.214887324+0.181866366i , +0.097847520+0.000000000i , -0.028352492+0.090650797i },
             { +0.230756254+0.146384320i , -0.028352492-0.090650797i , +0.092198897+0.000000000i } }
(0.999999991,0.000000000)

A[12][2] = { { +0.062471292+0.000000000i , +0.005860428+0.186860208i , +0.029171156+0.150885946i },
             { +0.005860428-0.186860208i , +0.559474503+0.000000000i , +0.454057264-0.073100359i },
             { +0.029171156-0.150885946i , +0.454057264+0.073100359i , +0.378054196+0.000000000i } }
(0.999999991,0.000000000)

A[13][0] = { { +0.055974714+0.000000000i , -0.096638247-0.135407432i , +0.153348228+0.040641447i },
             { -0.096638247+0.135407432i , +0.494404186+0.000000000i , -0.363065049+0.300796130i },
             { +0.153348228-0.040641447i , -0.363065049-0.300796130i , +0.449621091+0.000000000i } }
(0.999999991,0.000000000)

A[13][1] = { { +0.338643419+0.000000000i , +0.092765261-0.267742054i , -0.219710152-0.308869346i },
             { +0.092765261+0.267742054i , +0.237096631+0.000000000i , +0.184016135-0.258318916i },
             { -0.219710152+0.308869346i , +0.184016135+0.258318916i , +0.424259942+0.000000000i } }
(0.999999991,0.000000000)

A[13][2] = { { +0.605381858+0.000000000i , +0.003872986+0.403149486i , +0.066361923+0.268227899i },
             { +0.003872986-0.403149486i , +0.268499174+0.000000000i , +0.179048914-0.042477214i },
             { +0.066361923-0.268227899i , +0.179048914+0.042477214i , +0.126118959+0.000000000i } }
(0.999999991,0.000000000)

A[14][0] = { { +0.016777647+0.000000000i , -0.047083052-0.064021377i , +0.048112022+0.088689483i },
             { -0.047083052+0.064021377i , +0.376426766+0.000000000i , -0.473444868-0.065299697i },
             { +0.048112022-0.088689483i , -0.473444868+0.065299697i , +0.606795578+0.000000000i } }
(0.999999991,0.000000000)

A[14][1] = { { +0.285604180+0.000000000i , +0.075453240+0.366798517i , -0.003246362+0.252565883i },
             { +0.075453240-0.366798517i , +0.491009469+0.000000000i , +0.323510161+0.070894187i },
             { -0.003246362-0.252565883i , +0.323510161-0.070894187i , +0.223386342+0.000000000i } }
(0.999999991,0.000000000)

A[14][2] = { { +0.697618165+0.000000000i , -0.028370187-0.302777139i , -0.044865661-0.341255366i },
             { -0.028370187+0.302777139i , +0.132563756+0.000000000i , +0.149934706-0.005594490i },
             { -0.044865661+0.341255366i , +0.149934706+0.005594490i , +0.169818071+0.000000000i } }
(0.999999991,0.000000000)

A[15][0] = { { +0.770228582+0.000000000i , +0.180436762+0.326451255i , -0.157186484+0.114634435i },
             { +0.180436762-0.326451255i , +0.180631903+0.000000000i , +0.011763182+0.093476130i },
             { -0.157186484-0.114634435i , +0.011763182-0.093476130i , +0.049139507+0.000000000i } }
(0.999999991,0.000000000)

A[15][1] = { { +0.193064735+0.000000000i , -0.201634568-0.210317066i , +0.265761840-0.016480624i },
             { -0.201634568+0.210317066i , +0.439695885+0.000000000i , -0.259605247+0.306722573i },
             { +0.265761840+0.016480624i , -0.259605247-0.306722573i , +0.367239372+0.000000000i } }
(0.999999991,0.000000000)

A[15][2] = { { +0.036706674+0.000000000i , +0.021197806-0.116134189i , -0.108575356-0.098153811i },
             { +0.021197806+0.116134189i , +0.379672204+0.000000000i , +0.247842065-0.400198703i },
