iter    0 val 96.571188123 (41.992876482 from ideal, 97.571188123 from prev)
iter    1 val 137.108943660 (1.455120945 from ideal, 40.537755537 from prev)
iter    2 val 137.279717612 (1.284346994 from ideal, 0.170773951 from prev)
iter    3 val 137.406305755 (1.157758851 from ideal, 0.126588143 from prev)
iter    4 val 137.502092283 (1.061972322 from ideal, 0.095786529 from prev)
iter    5 val 137.575923088 (0.988141517 from ideal, 0.073830805 from prev)
iter    6 val 137.633805930 (0.930258675 from ideal, 0.057882842 from prev)
iter    7 val 137.679922239 (0.884142367 from ideal, 0.046116309 from prev)
iter    8 val 137.717237886 (0.846826720 from ideal, 0.037315647 from prev)
iter    9 val 137.747894484 (0.816170122 from ideal, 0.030656598 from prev)
iter   10 val 137.773462195 (0.790602411 from ideal, 0.025567711 from prev)
iter   11 val 137.795108053 (0.768956553 from ideal, 0.021645858 from prev)
iter   12 val 137.813711420 (0.750353185 from ideal, 0.018603367 from prev)
iter   13 val 137.829941241 (0.734123365 from ideal, 0.016229820 from prev)
iter   14 val 137.844312865 (0.719751741 from ideal, 0.014371624 from prev)
iter   15 val 137.857226837 (0.706837769 from ideal, 0.012913972 from prev)
iter   16 val 137.868998327 (0.695066278 from ideal, 0.011771491 from prev)
iter   17 val 137.879876268 (0.684188337 from ideal, 0.010877941 from prev)
iter   18 val 137.890059002 (0.674005603 from ideal, 0.010182734 from prev)
iter   19 val 137.899705464 (0.664359141 from ideal, 0.009646462 from prev)
iter   20 val 137.908943489 (0.655121116 from ideal, 0.009238025 from prev)
iter   21 val 137.917876028 (0.646188578 from ideal, 0.008932538 from prev)
iter   22 val 137.926585865 (0.637478740 from ideal, 0.008709837 from prev)
iter   23 val 137.935139214 (0.628925391 from ideal, 0.008553349 from prev)
iter   24 val 137.943588331 (0.620476275 from ideal, 0.008449117 from prev)
iter   25 val 137.951973709 (0.612090897 from ideal, 0.008385378 from prev)
iter   26 val 137.960325733 (0.603738872 from ideal, 0.008352025 from prev)
iter   27 val 137.968666000 (0.595398605 from ideal, 0.008340267 from prev)
iter   28 val 137.977008377 (0.587056229 from ideal, 0.008342377 from prev)
iter   29 val 137.985359970 (0.578704635 from ideal, 0.008351593 from prev)
iter   30 val 137.993721947 (0.570342659 from ideal, 0.008361976 from prev)
iter   31 val 138.002090334 (0.561974271 from ideal, 0.008368388 from prev)
iter   32 val 138.010456764 (0.553607842 from ideal, 0.008366430 from prev)
iter   33 val 138.018809279 (0.545255326 from ideal, 0.008352515 from prev)
iter   34 val 138.027132684 (0.536931922 from ideal, 0.008323404 from prev)
iter   35 val 138.035409496 (0.528655110 from ideal, 0.008276812 from prev)
iter   36 val 138.043620948 (0.520443657 from ideal, 0.008211453 from prev)
iter   37 val 138.051747284 (0.512317322 from ideal, 0.008126335 from prev)
iter   38 val 138.059768450 (0.504296156 from ideal, 0.008021166 from prev)
iter   39 val 138.067664726 (0.496399879 from ideal, 0.007896277 from prev)
iter   40 val 138.075417224 (0.488647382 from ideal, 0.007752497 from prev)
iter   41 val 138.083008355 (0.481056251 from ideal, 0.007591131 from prev)
iter   42 val 138.090422187 (0.473642419 from ideal, 0.007413832 from prev)
iter   43 val 138.097644729 (0.466419877 from ideal, 0.007222542 from prev)
iter   44 val 138.104664114 (0.459400492 from ideal, 0.007019385 from prev)
iter   45 val 138.111470677 (0.452593929 from ideal, 0.006806563 from prev)
iter   46 val 138.118057074 (0.446007531 from ideal, 0.006586397 from prev)
iter   47 val 138.124418162 (0.439646444 from ideal, 0.006361087 from prev)
iter   48 val 138.130550939 (0.433513667 from ideal, 0.006132777 from prev)
iter   49 val 138.136454408 (0.427610197 from ideal, 0.005903470 from prev)
iter   50 val 138.142128714 (0.421935891 from ideal, 0.005674306 from prev)
iter   51 val 138.147575084 (0.416489521 from ideal, 0.005446370 from prev)
iter   52 val 138.152799175 (0.411265431 from ideal, 0.005224091 from prev)
iter   53 val 138.157806127 (0.406258479 from ideal, 0.005006952 from prev)
iter   54 val 138.162602101 (0.401462504 from ideal, 0.004795975 from prev)
iter   55 val 138.167194071 (0.396870534 from ideal, 0.004591970 from prev)
iter   56 val 138.171589690 (0.392474916 from ideal, 0.004395618 from prev)
iter   57 val 138.175796974 (0.388267632 from ideal, 0.004207284 from prev)
iter   58 val 138.179824327 (0.384240279 from ideal, 0.004027353 from prev)
iter   59 val 138.183680356 (0.380384249 from ideal, 0.003856029 from prev)
iter   60 val 138.187373765 (0.376690841 from ideal, 0.003693409 from prev)
iter   61 val 138.190913626 (0.373150980 from ideal, 0.003539861 from prev)
iter   62 val 138.194307506 (0.369757099 from ideal, 0.003393881 from prev)
iter   63 val 138.197564283 (0.366500322 from ideal, 0.003256777 from prev)
iter   64 val 138.200692209 (0.363372396 from ideal, 0.003127926 from prev)
iter   65 val 138.203699615 (0.360364990 from ideal, 0.003007406 from prev)
iter   66 val 138.206593028 (0.357471577 from ideal, 0.002893413 from prev)
iter   67 val 138.209380392 (0.354684214 from ideal, 0.002787363 from prev)
iter   68 val 138.212068761 (0.351995845 from ideal, 0.002688369 from prev)
iter   69 val 138.214664877 (0.349399729 from ideal, 0.002596116 from prev)
iter   70 val 138.217175170 (0.346889436 from ideal, 0.002510293 from prev)
iter   71 val 138.219605788 (0.344458817 from ideal, 0.002430619 from prev)
iter   72 val 138.221962428 (0.342102177 from ideal, 0.002356640 from prev)
iter   73 val 138.224250735 (0.339813871 from ideal, 0.002288307 from prev)
iter   74 val 138.226475965 (0.337588641 from ideal, 0.002225230 from prev)
iter   75 val 138.228643148 (0.335421457 from ideal, 0.002167184 from prev)
iter   76 val 138.230757134 (0.333307472 from ideal, 0.002113985 from prev)
iter   77 val 138.232822773 (0.331241832 from ideal, 0.002065640 from prev)
iter   78 val 138.234843522 (0.329221084 from ideal, 0.002020748 from prev)
iter   79 val 138.236824026 (0.327240579 from ideal, 0.001980505 from prev)
iter   80 val 138.238768201 (0.325296405 from ideal, 0.001944175 from prev)
iter   81 val 138.240679880 (0.323384726 from ideal, 0.001911679 from prev)
iter   82 val 138.242562756 (0.321501849 from ideal, 0.001882877 from prev)
iter   83 val 138.244420711 (0.319643894 from ideal, 0.001857955 from prev)
iter   84 val 138.246256521 (0.317808085 from ideal, 0.001835810 from prev)
iter   85 val 138.248073072 (0.315991533 from ideal, 0.001816552 from prev)
iter   86 val 138.249873948 (0.314190658 from ideal, 0.001800875 from prev)
iter   87 val 138.251662162 (0.312402443 from ideal, 0.001788215 from prev)
iter   88 val 138.253440635 (0.310623970 from ideal, 0.001778473 from prev)
iter   89 val 138.255212184 (0.308852422 from ideal, 0.001771549 from prev)
iter   90 val 138.256979542 (0.307085064 from ideal, 0.001767358 from prev)
iter   91 val 138.258745372 (0.305319234 from ideal, 0.001765830 from prev)
iter   92 val 138.260512216 (0.303552389 from ideal, 0.001766844 from prev)
iter   93 val 138.262282526 (0.301782080 from ideal, 0.001770310 from prev)
iter   94 val 138.264058684 (0.300005922 from ideal, 0.001776158 from prev)
iter   95 val 138.265842991 (0.298221615 from ideal, 0.001784307 from prev)
iter   96 val 138.267637647 (0.296426958 from ideal, 0.001794656 from prev)
iter   97 val 138.269444794 (0.294619811 from ideal, 0.001807147 from prev)
iter   98 val 138.271266393 (0.292798212 from ideal, 0.001821599 from prev)
iter   99 val 138.273104409 (0.290960196 from ideal, 0.001838016 from prev)
iter  100 val 138.274960721 (0.289103884 from ideal, 0.001856312 from prev)
iter  101 val 138.276837231 (0.287227375 from ideal, 0.001876510 from prev)
iter  102 val 138.278734914 (0.285329691 from ideal, 0.001897683 from prev)
iter  103 val 138.280655543 (0.283409062 from ideal, 0.001920629 from prev)
iter  104 val 138.282600445 (0.281464160 from ideal, 0.001944902 from prev)
iter  105 val 138.284570843 (0.279493762 from ideal, 0.001970398 from prev)
iter  106 val 138.286567806 (0.277496800 from ideal, 0.001996963 from prev)
iter  107 val 138.288592233 (0.275472373 from ideal, 0.002024427 from prev)
iter  108 val 138.290645164 (0.273419442 from ideal, 0.002052931 from prev)
iter  109 val 138.292726956 (0.271337650 from ideal, 0.002081792 from prev)
iter  110 val 138.294837634 (0.269226972 from ideal, 0.002110678 from prev)
iter  111 val 138.296977776 (0.267086829 from ideal, 0.002140142 from prev)
iter  112 val 138.299147510 (0.264917095 from ideal, 0.002169734 from prev)
iter  113 val 138.301346775 (0.262717830 from ideal, 0.002199265 from prev)
iter  114 val 138.303575493 (0.260489113 from ideal, 0.002228718 from prev)
iter  115 val 138.305832687 (0.258231918 from ideal, 0.002257194 from prev)
iter  116 val 138.308118065 (0.255946540 from ideal, 0.002285378 from prev)
iter  117 val 138.310430870 (0.253633736 from ideal, 0.002312805 from prev)
iter  118 val 138.312770181 (0.251294425 from ideal, 0.002339311 from prev)
iter  119 val 138.315134907 (0.248929698 from ideal, 0.002364727 from prev)
iter  120 val 138.317523834 (0.246540772 from ideal, 0.002388926 from prev)
iter  121 val 138.319935624 (0.244128982 from ideal, 0.002411790 from prev)
iter  122 val 138.322368810 (0.241695795 from ideal, 0.002433186 from prev)
iter  123 val 138.324821844 (0.239242761 from ideal, 0.002453034 from prev)
iter  124 val 138.327293085 (0.236771521 from ideal, 0.002471240 from prev)
iter  125 val 138.329780825 (0.234283780 from ideal, 0.002487740 from prev)
iter  126 val 138.332283308 (0.231781298 from ideal, 0.002502483 from prev)
iter  127 val 138.334798783 (0.229265823 from ideal, 0.002515475 from prev)
iter  128 val 138.337325401 (0.226739205 from ideal, 0.002526618 from prev)
iter  129 val 138.339861422 (0.224203184 from ideal, 0.002536021 from prev)
iter  130 val 138.342405147 (0.221659458 from ideal, 0.002543725 from prev)
iter  131 val 138.344954984 (0.219109622 from ideal, 0.002549837 from prev)
iter  132 val 138.347508976 (0.216555629 from ideal, 0.002553993 from prev)
iter  133 val 138.350065783 (0.213998823 from ideal, 0.002556807 from prev)
iter  134 val 138.352623975 (0.211440631 from ideal, 0.002558192 from prev)
iter  135 val 138.355182211 (0.208882394 from ideal, 0.002558236 from prev)
iter  136 val 138.357739305 (0.206325300 from ideal, 0.002557094 from prev)
iter  137 val 138.360294217 (0.203770389 from ideal, 0.002554911 from prev)
iter  138 val 138.362846065 (0.201218541 from ideal, 0.002551848 from prev)
iter  139 val 138.365394763 (0.198669843 from ideal, 0.002548698 from prev)
iter  140 val 138.367939485 (0.196125120 from ideal, 0.002544723 from prev)
iter  141 val 138.370479241 (0.193585365 from ideal, 0.002539756 from prev)
iter  142 val 138.373013778 (0.191050827 from ideal, 0.002534537 from prev)
iter  143 val 138.375542945 (0.188521660 from ideal, 0.002529167 from prev)
iter  144 val 138.378066738 (0.185997868 from ideal, 0.002523793 from prev)
iter  145 val 138.380585310 (0.183479296 from ideal, 0.002518572 from prev)
iter  146 val 138.383098993 (0.180965612 from ideal, 0.002513683 from prev)
iter  147 val 138.385608181 (0.178456424 from ideal, 0.002509188 from prev)
iter  148 val 138.388113424 (0.175951182 from ideal, 0.002505242 from prev)
iter  149 val 138.390615290 (0.173449316 from ideal, 0.002501866 from prev)
iter  150 val 138.393114458 (0.170950148 from ideal, 0.002499168 from prev)
iter  151 val 138.395611674 (0.168452931 from ideal, 0.002497216 from prev)
iter  152 val 138.398107726 (0.165956880 from ideal, 0.002496052 from prev)
iter  153 val 138.400603453 (0.163461153 from ideal, 0.002495727 from prev)
iter  154 val 138.403099719 (0.160964887 from ideal, 0.002496266 from prev)
iter  155 val 138.405597381 (0.158467224 from ideal, 0.002497663 from prev)
iter  156 val 138.408097297 (0.155967308 from ideal, 0.002499916 from prev)
iter  157 val 138.410600382 (0.153464223 from ideal, 0.002503085 from prev)
iter  158 val 138.413107313 (0.150957293 from ideal, 0.002506930 from prev)
iter  159 val 138.415618751 (0.148445855 from ideal, 0.002511438 from prev)
iter  160 val 138.418135471 (0.145929135 from ideal, 0.002516720 from prev)
iter  161 val 138.420658147 (0.143406458 from ideal, 0.002522676 from prev)
iter  162 val 138.423187282 (0.140877324 from ideal, 0.002529135 from prev)
iter  163 val 138.425723346 (0.138341259 from ideal, 0.002536065 from prev)
iter  164 val 138.428266697 (0.135797909 from ideal, 0.002543350 from prev)
iter  165 val 138.430817508 (0.133247098 from ideal, 0.002550811 from prev)
iter  166 val 138.433375905 (0.130688700 from ideal, 0.002558397 from prev)
iter  167 val 138.435941943 (0.128122663 from ideal, 0.002566038 from prev)
iter  168 val 138.438515480 (0.125549125 from ideal, 0.002573538 from prev)
iter  169 val 138.441096186 (0.122968420 from ideal, 0.002580706 from prev)
iter  170 val 138.443683702 (0.120380903 from ideal, 0.002587516 from prev)
iter  171 val 138.446277488 (0.117787117 from ideal, 0.002593786 from prev)
iter  172 val 138.448876892 (0.115187713 from ideal, 0.002599404 from prev)
iter  173 val 138.451481118 (0.112583487 from ideal, 0.002604226 from prev)
iter  174 val 138.454089216 (0.109975389 from ideal, 0.002608098 from prev)
iter  175 val 138.456700105 (0.107364501 from ideal, 0.002610888 from prev)
iter  176 val 138.459312554 (0.104752052 from ideal, 0.002612449 from prev)
iter  177 val 138.461925222 (0.102139383 from ideal, 0.002612669 from prev)
iter  178 val 138.464536624 (0.099527981 from ideal, 0.002611402 from prev)
iter  179 val 138.467145155 (0.096919451 from ideal, 0.002608531 from prev)
iter  180 val 138.469749113 (0.094315493 from ideal, 0.002603958 from prev)
iter  181 val 138.472346736 (0.091717870 from ideal, 0.002597623 from prev)
iter  182 val 138.474936115 (0.089128491 from ideal, 0.002589379 from prev)
iter  183 val 138.477515250 (0.086549356 from ideal, 0.002579135 from prev)
iter  184 val 138.480082069 (0.083982537 from ideal, 0.002566819 from prev)
iter  185 val 138.482634416 (0.081430190 from ideal, 0.002552347 from prev)
iter  186 val 138.485170074 (0.078894531 from ideal, 0.002535658 from prev)
iter  187 val 138.487686786 (0.076377819 from ideal, 0.002516712 from prev)
iter  188 val 138.490182265 (0.073882341 from ideal, 0.002495478 from prev)
iter  189 val 138.492654197 (0.071410408 from ideal, 0.002471933 from prev)
iter  190 val 138.495100243 (0.068964362 from ideal, 0.002446046 from prev)
iter  191 val 138.497518077 (0.066546529 from ideal, 0.002417833 from prev)
iter  192 val 138.499905411 (0.064159195 from ideal, 0.002387334 from prev)
iter  193 val 138.502259096 (0.061805509 from ideal, 0.002353685 from prev)
iter  194 val 138.504577854 (0.059486751 from ideal, 0.002318758 from prev)
iter  195 val 138.506859433 (0.057205173 from ideal, 0.002281578 from prev)
iter  196 val 138.509101748 (0.054962857 from ideal, 0.002242315 from prev)
iter  197 val 138.511302778 (0.052761828 from ideal, 0.002201030 from prev)
iter  198 val 138.513460562 (0.050604044 from ideal, 0.002157784 from prev)
iter  199 val 138.515573385 (0.048491220 from ideal, 0.002112823 from prev)
iter  200 val 138.517639574 (0.046425032 from ideal, 0.002066188 from prev)
iter  201 val 138.519657579 (0.044407027 from ideal, 0.002018005 from prev)
iter  202 val 138.521625993 (0.042438613 from ideal, 0.001968414 from prev)
iter  203 val 138.523543558 (0.040521047 from ideal, 0.001917565 from prev)
iter  204 val 138.525409163 (0.038655442 from ideal, 0.001865605 from prev)
iter  205 val 138.527221857 (0.036842749 from ideal, 0.001812693 from prev)
iter  206 val 138.528980842 (0.035083764 from ideal, 0.001758985 from prev)
iter  207 val 138.530685490 (0.033379116 from ideal, 0.001704648 from prev)
iter  208 val 138.532335332 (0.031729274 from ideal, 0.001649842 from prev)
iter  209 val 138.533930100 (0.030134506 from ideal, 0.001594768 from prev)
iter  210 val 138.535469694 (0.028594912 from ideal, 0.001539594 from prev)
iter  211 val 138.536953989 (0.027110616 from ideal, 0.001484295 from prev)
iter  212 val 138.538383049 (0.025681556 from ideal, 0.001429060 from prev)
iter  213 val 138.539757304 (0.024307302 from ideal, 0.001374255 from prev)
iter  214 val 138.541077191 (0.022987415 from ideal, 0.001319887 from prev)
iter  215 val 138.542343299 (0.021721307 from ideal, 0.001266108 from prev)
iter  216 val 138.543556325 (0.020508280 from ideal, 0.001213026 from prev)
iter  217 val 138.544717092 (0.019347513 from ideal, 0.001160767 from prev)
iter  218 val 138.545826530 (0.018238075 from ideal, 0.001109438 from prev)
iter  219 val 138.546885730 (0.017178876 from ideal, 0.001059199 from prev)
iter  220 val 138.547895508 (0.016169098 from ideal, 0.001009778 from prev)
iter  221 val 138.548857275 (0.015207330 from ideal, 0.000961768 from prev)
iter  222 val 138.549772299 (0.014292306 from ideal, 0.000915024 from prev)
iter  223 val 138.550642023 (0.013422582 from ideal, 0.000869724 from prev)
iter  224 val 138.551467525 (0.012597080 from ideal, 0.000825502 from prev)
iter  225 val 138.552250364 (0.011814241 from ideal, 0.000782839 from prev)
iter  226 val 138.552991978 (0.011072627 from ideal, 0.000741614 from prev)
iter  227 val 138.553693838 (0.010370768 from ideal, 0.000701859 from prev)
iter  228 val 138.554357423 (0.009707182 from ideal, 0.000663586 from prev)
iter  229 val 138.554984201 (0.009080405 from ideal, 0.000626778 from prev)
iter  230 val 138.555575682 (0.008488923 from ideal, 0.000591481 from prev)
iter  231 val 138.556133445 (0.007931161 from ideal, 0.000557763 from prev)
iter  232 val 138.556658654 (0.007405951 from ideal, 0.000525210 from prev)
iter  233 val 138.557152938 (0.006911667 from ideal, 0.000494284 from prev)
iter  234 val 138.557617723 (0.006446882 from ideal, 0.000464785 from prev)
iter  235 val 138.558054412 (0.006010194 from ideal, 0.000436688 from prev)
iter  236 val 138.558464372 (0.005600234 from ideal, 0.000409960 from prev)
iter  237 val 138.558848937 (0.005215669 from ideal, 0.000384565 from prev)
iter  238 val 138.559209405 (0.004855200 from ideal, 0.000360468 from prev)
iter  239 val 138.559547041 (0.004517565 from ideal, 0.000337636 from prev)
iter  240 val 138.559863067 (0.004201539 from ideal, 0.000316026 from prev)
iter  241 val 138.560158667 (0.003905938 from ideal, 0.000295600 from prev)
iter  242 val 138.560434964 (0.003629642 from ideal, 0.000276297 from prev)
iter  243 val 138.560693006 (0.003371600 from ideal, 0.000258042 from prev)
iter  244 val 138.560933892 (0.003130713 from ideal, 0.000240886 from prev)
iter  245 val 138.561158642 (0.002905964 from ideal, 0.000224749 from prev)
iter  246 val 138.561368187 (0.002696418 from ideal, 0.000209546 from prev)
iter  247 val 138.561563470 (0.002501136 from ideal, 0.000195282 from prev)
iter  248 val 138.561745347 (0.002319258 from ideal, 0.000181878 from prev)
iter  249 val 138.561914654 (0.002149951 from ideal, 0.000169307 from prev)
iter  250 val 138.562072179 (0.001992427 from ideal, 0.000157524 from prev)
iter  251 val 138.562218668 (0.001845938 from ideal, 0.000146489 from prev)
iter  252 val 138.562354830 (0.001709776 from ideal, 0.000136162 from prev)
iter  253 val 138.562481325 (0.001583281 from ideal, 0.000126495 from prev)
iter  254 val 138.562598788 (0.001465818 from ideal, 0.000117463 from prev)
iter  255 val 138.562707852 (0.001356754 from ideal, 0.000109064 from prev)
iter  256 val 138.562809069 (0.001255537 from ideal, 0.000101217 from prev)
iter  257 val 138.562902960 (0.001161646 from ideal, 0.000093891 from prev)
iter  258 val 138.562989986 (0.001074620 from ideal, 0.000087026 from prev)
iter  259 val 138.563070655 (0.000993950 from ideal, 0.000080670 from prev)
iter  260 val 138.563145394 (0.000919211 from ideal, 0.000074739 from prev)
iter  261 val 138.563214622 (0.000849984 from ideal, 0.000069228 from prev)
iter  262 val 138.563278715 (0.000785891 from ideal, 0.000064093 from prev)
iter  263 val 138.563338039 (0.000726567 from ideal, 0.000059324 from prev)
iter  264 val 138.563392931 (0.000671674 from ideal, 0.000054893 from prev)
iter  265 val 138.563443709 (0.000620897 from ideal, 0.000050778 from prev)
iter  266 val 138.563490667 (0.000573939 from ideal, 0.000046958 from prev)
iter  267 val 138.563534080 (0.000530525 from ideal, 0.000043414 from prev)
iter  268 val 138.563574218 (0.000490387 from ideal, 0.000040138 from prev)
iter  269 val 138.563611285 (0.000453320 from ideal, 0.000037067 from prev)
iter  270 val 138.563645540 (0.000419065 from ideal, 0.000034255 from prev)
iter  271 val 138.563677178 (0.000387427 from ideal, 0.000031638 from prev)
iter  272 val 138.563706393 (0.000358212 from ideal, 0.000029215 from prev)
iter  273 val 138.563733365 (0.000331241 from ideal, 0.000026971 from prev)
iter  274 val 138.563758250 (0.000306356 from ideal, 0.000024885 from prev)
iter  275 val 138.563781214 (0.000283391 from ideal, 0.000022964 from prev)
iter  276 val 138.563802402 (0.000262203 from ideal, 0.000021188 from prev)
iter  277 val 138.563821948 (0.000242657 from ideal, 0.000019546 from prev)
iter  278 val 138.563839980 (0.000224625 from ideal, 0.000018032 from prev)
iter  279 val 138.563856600 (0.000208006 from ideal, 0.000016620 from prev)
iter  280 val 138.563871928 (0.000192678 from ideal, 0.000015328 from prev)
iter  281 val 138.563886059 (0.000178547 from ideal, 0.000014131 from prev)
iter  282 val 138.563899083 (0.000165522 from ideal, 0.000013025 from prev)
iter  283 val 138.563911086 (0.000153520 from ideal, 0.000012002 from prev)
iter  284 val 138.563922149 (0.000142457 from ideal, 0.000011063 from prev)
iter  285 val 138.563932340 (0.000132265 from ideal, 0.000010192 from prev)
iter  286 val 138.563941730 (0.000122876 from ideal, 0.000009389 from prev)
iter  287 val 138.563950379 (0.000114227 from ideal, 0.000008649 from prev)
iter  288 val 138.563958345 (0.000106261 from ideal, 0.000007966 from prev)
iter  289 val 138.563965682 (0.000098923 from ideal, 0.000007338 from prev)
iter  290 val 138.563972477 (0.000092128 from ideal, 0.000006795 from prev)
iter  291 val 138.563978901 (0.000085705 from ideal, 0.000006424 from prev)
iter  292 val 138.563984439 (0.000080167 from ideal, 0.000005538 from prev)
iter  293 val 138.563989707 (0.000074899 from ideal, 0.000005268 from prev)
iter  294 val 138.563994555 (0.000070051 from ideal, 0.000004848 from prev)
iter  295 val 138.563999018 (0.000065587 from ideal, 0.000004463 from prev)
iter  296 val 138.564003125 (0.000061480 from ideal, 0.000004107 from prev)
iter  297 val 138.564006905 (0.000057700 from ideal, 0.000003780 from prev)
iter  298 val 138.564010383 (0.000054222 from ideal, 0.000003478 from prev)
iter  299 val 138.564013584 (0.000051022 from ideal, 0.000003200 from prev)
iter  300 val 138.564016528 (0.000048077 from ideal, 0.000002945 from prev)
iter  301 val 138.564019237 (0.000045368 from ideal, 0.000002709 from prev)
iter  302 val 138.564021730 (0.000042875 from ideal, 0.000002493 from prev)
iter  303 val 138.564024023 (0.000040582 from ideal, 0.000002293 from prev)
iter  304 val 138.564026131 (0.000038474 from ideal, 0.000002108 from prev)
iter  305 val 138.564028072 (0.000036533 from ideal, 0.000001941 from prev)
iter  306 val 138.564029857 (0.000034749 from ideal, 0.000001784 from prev)
iter  307 val 138.564031498 (0.000033108 from ideal, 0.000001641 from prev)
iter  308 val 138.564033007 (0.000031598 from ideal, 0.000001509 from prev)
iter  309 val 138.564034396 (0.000030210 from ideal, 0.000001388 from prev)
iter  310 val 138.564035672 (0.000028933 from ideal, 0.000001277 from prev)
iter  311 val 138.564036846 (0.000027759 from ideal, 0.000001174 from prev)
iter  312 val 138.564037926 (0.000026680 from ideal, 0.000001080 from prev)
iter  313 val 138.564038919 (0.000025687 from ideal, 0.000000993 from prev)
iter  314 val 138.564039832 (0.000024774 from ideal, 0.000000913 from prev)
iter  315 val 138.564040671 (0.000023935 from ideal, 0.000000839 from prev)
iter  316 val 138.564041443 (0.000023163 from ideal, 0.000000772 from prev)
iter  317 val 138.564042152 (0.000022453 from ideal, 0.000000710 from prev)
iter  318 val 138.564042805 (0.000021801 from ideal, 0.000000652 from prev)
iter  319 val 138.564043405 (0.000021201 from ideal, 0.000000600 from prev)
iter  320 val 138.564043956 (0.000020649 from ideal, 0.000000552 from prev)
iter  321 val 138.564044463 (0.000020142 from ideal, 0.000000507 from prev)
iter  322 val 138.564044929 (0.000019676 from ideal, 0.000000466 from prev)
iter  323 val 138.564045358 (0.000019248 from ideal, 0.000000429 from prev)
iter  324 val 138.564045752 (0.000018854 from ideal, 0.000000394 from prev)
iter  325 val 138.564046114 (0.000018492 from ideal, 0.000000362 from prev)
iter  326 val 138.564046447 (0.000018159 from ideal, 0.000000333 from prev)
iter  327 val 138.564046753 (0.000017853 from ideal, 0.000000306 from prev)
iter  328 val 138.564047034 (0.000017571 from ideal, 0.000000281 from prev)
iter  329 val 138.564047293 (0.000017312 from ideal, 0.000000259 from prev)
iter  330 val 138.564047531 (0.000017075 from ideal, 0.000000238 from prev)
iter  331 val 138.564047750 (0.000016856 from ideal, 0.000000219 from prev)
iter  332 val 138.564047951 (0.000016655 from ideal, 0.000000201 from prev)
iter  333 val 138.564048135 (0.000016470 from ideal, 0.000000185 from prev)
iter  334 val 138.564048305 (0.000016300 from ideal, 0.000000170 from prev)
iter  335 val 138.564048462 (0.000016144 from ideal, 0.000000156 from prev)
iter  336 val 138.564048606 (0.000015999 from ideal, 0.000000145 from prev)
iter  337 val 138.564048737 (0.000015868 from ideal, 0.000000131 from prev)
iter  338 val 138.564048854 (0.000015752 from ideal, 0.000000117 from prev)
iter  339 val 138.564048970 (0.000015635 from ideal, 0.000000116 from prev)
iter  340 val 138.564049073 (0.000015533 from ideal, 0.000000103 from prev)
iter  341 val 138.564049167 (0.000015438 from ideal, 0.000000094 from prev)
iter  342 val 138.564049254 (0.000015352 from ideal, 0.000000087 from prev)
iter  343 val 138.564049334 (0.000015272 from ideal, 0.000000080 from prev)
iter  344 val 138.564049407 (0.000015199 from ideal, 0.000000073 from prev)
iter  345 val 138.564049474 (0.000015131 from ideal, 0.000000067 from prev)
iter  346 val 138.564049536 (0.000015069 from ideal, 0.000000062 from prev)
iter  347 val 138.564049593 (0.000015012 from ideal, 0.000000057 from prev)
iter  348 val 138.564049643 (0.000014963 from ideal, 0.000000049 from prev)
iter  349 val 138.564049694 (0.000014911 from ideal, 0.000000051 from prev)
iter  350 val 138.564049738 (0.000014867 from ideal, 0.000000044 from prev)
iter  351 val 138.564049779 (0.000014826 from ideal, 0.000000041 from prev)
iter  352 val 138.564049817 (0.000014789 from ideal, 0.000000037 from prev)
iter  353 val 138.564049879 (0.000014726 from ideal, 0.000000063 from prev)
iter  354 val 138.564049889 (0.000014716 from ideal, 0.000000010 from prev)
iter  355 val 138.564049918 (0.000014688 from ideal, 0.000000029 from prev)
iter  356 val 138.564049944 (0.000014661 from ideal, 0.000000026 from prev)
iter  357 val 138.564049969 (0.000014637 from ideal, 0.000000024 from prev)
iter  358 val 138.564049991 (0.000014615 from ideal, 0.000000022 from prev)
iter  359 val 138.564050012 (0.000014594 from ideal, 0.000000021 from prev)
iter  360 val 138.564050030 (0.000014575 from ideal, 0.000000019 from prev)
iter  361 val 138.564050048 (0.000014558 from ideal, 0.000000017 from prev)
iter  362 val 138.564050068 (0.000014537 from ideal, 0.000000020 from prev)
iter  363 val 138.564050078 (0.000014527 from ideal, 0.000000010 from prev)
iter  364 val 138.564050092 (0.000014514 from ideal, 0.000000013 from prev)
iter  365 val 138.564050105 (0.000014501 from ideal, 0.000000013 from prev)
iter  366 val 138.564050117 (0.000014489 from ideal, 0.000000012 from prev)
iter  367 val 138.564050127 (0.000014479 from ideal, 0.000000010 from prev)
iter  368 val 138.564050136 (0.000014469 from ideal, 0.000000010 from prev)
iter  369 val 138.564050145 (0.000014460 from ideal, 0.000000009 from prev)
iter  370 val 138.564050153 (0.000014452 from ideal, 0.000000008 from prev)
iter  371 val 138.564050162 (0.000014444 from ideal, 0.000000008 from prev)
iter  372 val 138.564050168 (0.000014438 from ideal, 0.000000006 from prev)
iter  373 val 138.564050174 (0.000014431 from ideal, 0.000000006 from prev)
iter  374 val 138.564050180 (0.000014426 from ideal, 0.000000006 from prev)
iter  375 val 138.564050185 (0.000014420 from ideal, 0.000000005 from prev)
iter  376 val 138.564050190 (0.000014415 from ideal, 0.000000005 from prev)
iter  377 val 138.564050195 (0.000014411 from ideal, 0.000000005 from prev)

A[0][0] = { { +0.224590431+0.000000000i , +0.119889078+0.169546367i , +0.258819917+0.209443603i , +0.073652716-0.121453931i },
            { +0.119889078-0.169546367i , +0.191991164+0.000000000i , +0.296273056-0.083583161i , -0.052370540-0.120435040i },
            { +0.258819917-0.209443603i , +0.296273056+0.083583161i , +0.493584695+0.000000000i , -0.028384839-0.208650031i },
            { +0.073652716+0.121453931i , -0.052370540+0.120435040i , -0.028384839+0.208650031i , +0.089833704+0.000000000i } }
(0.999999993,0.000000000)

A[0][1] = { { +0.081402089+0.000000000i , -0.059552955-0.067405129i , -0.096903147-0.014695088i , -0.007578616-0.238793087i },
            { -0.059552955+0.067405129i , +0.099383337+0.000000000i , +0.083061673-0.069490045i , +0.203277514+0.168423232i },
            { -0.096903147+0.014695088i , +0.083061673+0.069490045i , +0.118008892+0.000000000i , +0.052129831+0.282897452i },
            { -0.007578616+0.238793087i , +0.203277514-0.168423232i , +0.052129831-0.282897452i , +0.701205675+0.000000000i } }
(0.999999993,0.000000000)

A[0][2] = { { +0.694007473+0.000000000i , -0.060336124-0.102141238i , -0.161916770-0.194748515i , -0.066074100+0.360247018i },
            { -0.060336124+0.102141238i , +0.708625492+0.000000000i , -0.379334729+0.153073206i , -0.150906974-0.047988192i },
            { -0.161916770+0.194748515i , -0.379334729-0.153073206i , +0.388406406+0.000000000i , -0.023744992-0.074247421i },
            { -0.066074100-0.360247018i , -0.150906974+0.047988192i , -0.023744992+0.074247421i , +0.208960615+0.000000000i } }
(1.999999986,0.000000000)

A[1][0] = { { +0.151286515+0.000000000i , -0.038548064+0.147039657i , +0.154114619+0.206943654i , +0.040961641-0.192451046i },
            { -0.038548064-0.147039657i , +0.152734160+0.000000000i , +0.161865792-0.202517988i , -0.197485746+0.009225046i },
            { +0.154114619-0.206943654i , +0.161865792+0.202517988i , +0.440072358+0.000000000i , -0.221524976-0.252079820i },
            { +0.040961641+0.192451046i , -0.197485746-0.009225046i , -0.221524976+0.252079820i , +0.255906960+0.000000000i } }
(0.999999993,0.000000000)

A[1][1] = { { +0.335162296+0.000000000i , +0.368772193-0.177028640i , -0.042741699+0.137462018i , +0.052150208+0.179036594i },
            { +0.368772193+0.177028640i , +0.499256926+0.000000000i , -0.119633592+0.128671028i , -0.037185128+0.224535409i },
            { -0.042741699-0.137462018i , -0.119633592-0.128671028i , +0.061828769+0.000000000i , +0.066778840-0.044220362i },
            { +0.052150208-0.179036594i , -0.037185128-0.224535409i , +0.066778840+0.044220362i , +0.103752002+0.000000000i } }
(0.999999993,0.000000000)

A[1][2] = { { +0.513551182+0.000000000i , -0.330224129+0.029988982i , -0.111372920-0.344405672i , -0.093111849+0.013414452i },
            { -0.330224129-0.029988982i , +0.348008907+0.000000000i , -0.042232199+0.073846960i , +0.234670874-0.233760455i },
            { -0.111372920+0.344405672i , -0.042232199-0.073846960i , +0.498098866+0.000000000i , +0.154746136+0.296300182i },
            { -0.093111849-0.013414452i , +0.234670874+0.233760455i , +0.154746136-0.296300182i , +0.640341030+0.000000000i } }
(1.999999986,0.000000000)

A[2][0] = { { +0.194639771+0.000000000i , +0.107452820+0.144984273i , +0.082636970+0.273430909i , +0.019059698-0.205504090i },
            { +0.107452820-0.144984273i , +0.167317097+0.000000000i , +0.249295257+0.089395193i , -0.142554878-0.127647877i },
            { +0.082636970-0.273430909i , +0.249295257-0.089395193i , +0.419201830+0.000000000i , -0.280601148-0.114024769i },
            { +0.019059698+0.205504090i , -0.142554878+0.127647877i , -0.280601148+0.114024769i , +0.218841296+0.000000000i } }
(0.999999993,0.000000000)

A[2][1] = { { +0.162923583+0.000000000i , -0.146893378+0.186735252i , +0.173319161-0.194953317i , +0.105012445+0.029287940i },
            { -0.146893378-0.186735252i , +0.346467580+0.000000000i , -0.379712426-0.022878533i , -0.061111745-0.146766556i },
            { +0.173319161+0.194953317i , -0.379712426+0.022878533i , +0.417658034+0.000000000i , +0.076667206+0.156813941i },
            { +0.105012445-0.029287940i , -0.061111745+0.146766556i , +0.076667206-0.156813941i , +0.072950795+0.000000000i } }
(0.999999993,0.000000000)

A[2][2] = { { +0.642436639+0.000000000i , +0.039440559-0.331719525i , -0.255956131-0.078477592i , -0.124072143+0.176216151i },
            { +0.039440559+0.331719525i , +0.486215317+0.000000000i , +0.130417169-0.066516660i , +0.203666622+0.274414433i },
            { -0.255956131+0.078477592i , +0.130417169+0.066516660i , +0.163140129+0.000000000i , +0.203933943-0.042789171i },
            { -0.124072143-0.176216151i , +0.203666622-0.274414433i , +0.203933943+0.042789171i , +0.708207902+0.000000000i } }
(1.999999986,0.000000000)

A[3][0] = { { +0.486681450+0.000000000i , +0.056934157+0.194555696i , +0.266254747+0.278707557i , -0.058440180-0.238210832i },
            { +0.056934157-0.194555696i , +0.084435999+0.000000000i , +0.142563734-0.073833510i , -0.102063714-0.004504905i },
            { +0.266254747-0.278707557i , +0.142563734+0.073833510i , +0.305270535+0.000000000i , -0.168387627-0.096853978i },
            { -0.058440180+0.238210832i , -0.102063714+0.004504905i , -0.168387627+0.096853978i , +0.123612009+0.000000000i } }
(0.999999993,0.000000000)

A[3][1] = { { +0.405192768+0.000000000i , -0.228212147-0.118117260i , -0.237825722-0.187326585i , -0.169757927+0.233471619i },
            { -0.228212147+0.118117260i , +0.162965615+0.000000000i , +0.188555231+0.036177552i , +0.027551824-0.180981514i },
            { -0.237825722+0.187326585i , +0.188555231-0.036177552i , +0.226194387+0.000000000i , -0.008298846-0.215516493i },
            { -0.169757927-0.233471619i , +0.027551824+0.180981514i , -0.008298846+0.215516493i , +0.205647223+0.000000000i } }
(0.999999993,0.000000000)

A[3][2] = { { +0.108125775+0.000000000i , +0.171277990-0.076438436i , -0.028429024-0.091380972i , +0.228198107+0.004739213i },
            { +0.171277990+0.076438436i , +0.752598379+0.000000000i , -0.331118964+0.037655958i , +0.074511890+0.185486419i },
            { -0.028429024+0.091380972i , -0.331118964-0.037655958i , +0.468535071+0.000000000i , +0.176686473+0.312370471i },
            { +0.228198107-0.004739213i , +0.074511890-0.185486419i , +0.176686473-0.312370471i , +0.670740761+0.000000000i } }
(1.999999986,0.000000000)

A[4][0] = { { +0.656761082+0.000000000i , +0.006182869-0.029208521i , +0.085685734-0.217366852i , +0.186988167+0.367395658i },
            { +0.006182869+0.029208521i , +0.001357246+0.000000000i , +0.010473743+0.001764423i , -0.014579065+0.011774759i },
            { +0.085685734+0.217366852i , +0.010473743-0.001764423i , +0.083120666+0.000000000i , -0.097200362+0.109820131i },
            { +0.186988167-0.367395658i , -0.014579065-0.011774759i , -0.097200362-0.109820131i , +0.258761000+0.000000000i } }
(0.999999993,0.000000000)

A[4][1] = { { +0.314464544+0.000000000i , -0.137277571-0.002806672i , -0.080819211+0.122707165i , -0.213384220-0.360002686i },
            { -0.137277571+0.002806672i , +0.059952769+0.000000000i , +0.034185941-0.054288393i , +0.096364691+0.155252469i },
            { -0.080819211-0.122707165i , +0.034185941+0.054288393i , +0.068652591+0.000000000i , -0.085635607+0.175787396i },
            { -0.213384220+0.360002686i , +0.096364691-0.155252469i , -0.085635607-0.175787396i , +0.556930088+0.000000000i } }
(0.999999993,0.000000000)

A[4][2] = { { +0.028774367+0.000000000i , +0.131094701+0.032015192i , -0.004866523+0.094659687i , +0.026396053-0.007392972i },
            { +0.131094701-0.032015192i , +0.938689978+0.000000000i , -0.044659684+0.052523970i , -0.081785627-0.167027227i },
            { -0.004866523-0.094659687i , -0.044659684-0.052523970i , +0.848226736+0.000000000i , +0.182835969-0.285607528i },
            { +0.026396053+0.007392972i , -0.081785627+0.167027227i , +0.182835969+0.285607528i , +0.184308905+0.000000000i } }
(1.999999986,0.000000000)

A[5][0] = { { +0.306208739+0.000000000i , -0.060743586+0.014614693i , -0.005824426-0.255874966i , +0.286619369+0.246748747i },
            { -0.060743586-0.014614693i , +0.012747439+0.000000000i , -0.011056955+0.051036678i , -0.045080776-0.062628046i },
            { -0.005824426+0.255874966i , -0.011056955-0.051036678i , +0.213925748+0.000000000i , -0.211640676+0.234812221i },
            { +0.286619369-0.246748747i , -0.045080776+0.062628046i , -0.211640676-0.234812221i , +0.467118067+0.000000000i } }
(0.999999993,0.000000000)

A[5][1] = { { +0.290869932+0.000000000i , +0.382597418-0.046092709i , -0.013483861+0.238855063i , -0.021412396+0.008197638i },
            { +0.382597418+0.046092709i , +0.510555859+0.000000000i , -0.055586247+0.312042654i , -0.029463940+0.007389715i },
            { -0.013483861-0.238855063i , -0.055586247-0.312042654i , +0.196766871+0.000000000i , +0.007724328+0.017203280i },
            { -0.021412396-0.008197638i , -0.029463940-0.007389715i , +0.007724328-0.017203280i , +0.001807331+0.000000000i } }
(0.999999993,0.000000000)

A[5][2] = { { +0.402921322+0.000000000i , -0.321853832+0.031478016i , +0.019308288+0.017019903i , -0.265206973-0.254946385i },
            { -0.321853832-0.031478016i , +0.476696695+0.000000000i , +0.066643202-0.363079332i , +0.074544716+0.055238331i },
            { +0.019308288-0.017019903i , +0.066643202+0.363079332i , +0.589307374+0.000000000i , +0.203916348-0.252015501i },
            { -0.265206973+0.254946385i , +0.074544716-0.055238331i , +0.203916348+0.252015501i , +0.531074594+0.000000000i } }
(1.999999986,0.000000000)

A[6][0] = { { +0.353931435+0.000000000i , +0.072976893-0.137963137i , -0.055898401-0.153813811i , +0.276836748+0.317620145i },
            { +0.072976893+0.137963137i , +0.068825375+0.000000000i , +0.048431278-0.053504060i , -0.066728136+0.173401384i },
            { -0.055898401+0.153813811i , +0.048431278+0.053504060i , +0.075673786+0.000000000i , -0.181755835+0.070145974i },
            { +0.276836748-0.317620145i , -0.066728136-0.173401384i , -0.181755835-0.070145974i , +0.501569397+0.000000000i } }
(0.999999993,0.000000000)

A[6][1] = { { +0.122995643+0.000000000i , -0.145454848+0.167171883i , +0.224001442-0.057938424i , +0.043626292-0.057683343i },
            { -0.145454848-0.167171883i , +0.399230115+0.000000000i , -0.343652669-0.235937804i , -0.129993964+0.008920869i },
            { +0.224001442+0.057938424i , -0.343652669+0.235937804i , +0.435247322+0.000000000i , +0.106625245-0.084503092i },
            { +0.043626292+0.057683343i , -0.129993964-0.008920869i , +0.106625245+0.084503092i , +0.042526913+0.000000000i } }
(0.999999993,0.000000000)

A[6][2] = { { +0.523072914+0.000000000i , +0.072477954-0.029208745i , -0.168103041+0.211752235i , -0.320463040-0.259936802i },
            { +0.072477954+0.029208745i , +0.531944502+0.000000000i , +0.295221391+0.289441864i , +0.196722100-0.182322253i },
            { -0.168103041-0.211752235i , +0.295221391-0.289441864i , +0.489078886+0.000000000i , +0.075130590+0.014357118i },
            { -0.320463040+0.259936802i , +0.196722100+0.182322253i , +0.075130590-0.014357118i , +0.455903683+0.000000000i } }
(1.999999986,0.000000000)

