iter    0 val 1.698411858 (2.773724097 from ideal, 2.698411858 from prev)
iter    1 val 4.419672856 (0.052463099 from ideal, 2.721260998 from prev)
iter    2 val 4.432476952 (0.039659003 from ideal, 0.012804096 from prev)
iter    3 val 4.440203097 (0.031932858 from ideal, 0.007726146 from prev)
iter    4 val 4.445099501 (0.027036454 from ideal, 0.004896404 from prev)
iter    5 val 4.448377606 (0.023758349 from ideal, 0.003278105 from prev)
iter    6 val 4.450699881 (0.021436074 from ideal, 0.002322275 from prev)
iter    7 val 4.452436401 (0.019699554 from ideal, 0.001736520 from prev)
iter    8 val 4.453799157 (0.018336798 from ideal, 0.001362757 from prev)
iter    9 val 4.454912928 (0.017223027 from ideal, 0.001113771 from prev)
iter   10 val 4.455853409 (0.016282546 from ideal, 0.000940481 from prev)
iter   11 val 4.456668041 (0.015467914 from ideal, 0.000814632 from prev)
iter   12 val 4.457387604 (0.014748351 from ideal, 0.000719564 from prev)
iter   13 val 4.458032785 (0.014103170 from ideal, 0.000645180 from prev)
iter   14 val 4.458617954 (0.013518001 from ideal, 0.000585170 from prev)
iter   15 val 4.459153428 (0.012982527 from ideal, 0.000535474 from prev)
iter   16 val 4.459646815 (0.012489140 from ideal, 0.000493387 from prev)
iter   17 val 4.460103864 (0.012032091 from ideal, 0.000457049 from prev)
iter   18 val 4.460529006 (0.011606949 from ideal, 0.000425142 from prev)
iter   19 val 4.460925714 (0.011210241 from ideal, 0.000396708 from prev)
iter   20 val 4.461296751 (0.010839204 from ideal, 0.000371037 from prev)
iter   21 val 4.461644353 (0.010491602 from ideal, 0.000347602 from prev)
iter   22 val 4.461970347 (0.010165608 from ideal, 0.000325994 from prev)
iter   23 val 4.462276258 (0.009859697 from ideal, 0.000305911 from prev)
iter   24 val 4.462563390 (0.009572565 from ideal, 0.000287132 from prev)
iter   25 val 4.462832879 (0.009303076 from ideal, 0.000269489 from prev)
iter   26 val 4.463085737 (0.009050218 from ideal, 0.000252858 from prev)
iter   27 val 4.463322893 (0.008813062 from ideal, 0.000237155 from prev)
iter   28 val 4.463545207 (0.008590748 from ideal, 0.000222314 from prev)
iter   29 val 4.463753505 (0.008382450 from ideal, 0.000208298 from prev)
iter   30 val 4.463948586 (0.008187369 from ideal, 0.000195081 from prev)
iter   31 val 4.464131228 (0.008004727 from ideal, 0.000182642 from prev)
iter   32 val 4.464302195 (0.007833760 from ideal, 0.000170967 from prev)
iter   33 val 4.464462239 (0.007673716 from ideal, 0.000160044 from prev)
iter   34 val 4.464612098 (0.007523857 from ideal, 0.000149859 from prev)
iter   35 val 4.464752496 (0.007383459 from ideal, 0.000140398 from prev)
iter   36 val 4.464884139 (0.007251816 from ideal, 0.000131643 from prev)
iter   37 val 4.465007714 (0.007128241 from ideal, 0.000123575 from prev)
iter   38 val 4.465123881 (0.007012074 from ideal, 0.000116167 from prev)
iter   39 val 4.465233276 (0.006902679 from ideal, 0.000109394 from prev)
iter   40 val 4.465336507 (0.006799448 from ideal, 0.000103231 from prev)
iter   41 val 4.465434145 (0.006701810 from ideal, 0.000097638 from prev)
iter   42 val 4.465526730 (0.006609225 from ideal, 0.000092586 from prev)
iter   43 val 4.465614769 (0.006521186 from ideal, 0.000088038 from prev)
iter   44 val 4.465698731 (0.006437224 from ideal, 0.000083962 from prev)
iter   45 val 4.465779055 (0.006356900 from ideal, 0.000080324 from prev)
iter   46 val 4.465856144 (0.006279811 from ideal, 0.000077089 from prev)
iter   47 val 4.465930367 (0.006205588 from ideal, 0.000074223 from prev)
iter   48 val 4.466002062 (0.006133893 from ideal, 0.000071696 from prev)
iter   49 val 4.466071537 (0.006064418 from ideal, 0.000069474 from prev)
iter   50 val 4.466139069 (0.005996886 from ideal, 0.000067532 from prev)
iter   51 val 4.466204912 (0.005931043 from ideal, 0.000065843 from prev)
iter   52 val 4.466269291 (0.005866664 from ideal, 0.000064379 from prev)
iter   53 val 4.466332411 (0.005803544 from ideal, 0.000063119 from prev)
iter   54 val 4.466394453 (0.005741502 from ideal, 0.000062042 from prev)
iter   55 val 4.466455581 (0.005680374 from ideal, 0.000061128 from prev)
iter   56 val 4.466515940 (0.005620015 from ideal, 0.000060359 from prev)
iter   57 val 4.466575659 (0.005560296 from ideal, 0.000059719 from prev)
iter   58 val 4.466634855 (0.005501100 from ideal, 0.000059196 from prev)
iter   59 val 4.466693629 (0.005442326 from ideal, 0.000058774 from prev)
iter   60 val 4.466752074 (0.005383881 from ideal, 0.000058445 from prev)
iter   61 val 4.466810271 (0.005325684 from ideal, 0.000058197 from prev)
iter   62 val 4.466868293 (0.005267662 from ideal, 0.000058022 from prev)
iter   63 val 4.466926205 (0.005209750 from ideal, 0.000057913 from prev)
iter   64 val 4.466984066 (0.005151889 from ideal, 0.000057861 from prev)
iter   65 val 4.467041929 (0.005094026 from ideal, 0.000057863 from prev)
iter   66 val 4.467099841 (0.005036114 from ideal, 0.000057912 from prev)
iter   67 val 4.467157846 (0.004978109 from ideal, 0.000058005 from prev)
iter   68 val 4.467215984 (0.004919971 from ideal, 0.000058138 from prev)
iter   69 val 4.467274291 (0.004861664 from ideal, 0.000058307 from prev)
iter   70 val 4.467332802 (0.004803153 from ideal, 0.000058511 from prev)
iter   71 val 4.467391547 (0.004744408 from ideal, 0.000058745 from prev)
iter   72 val 4.467450558 (0.004685397 from ideal, 0.000059010 from prev)
iter   73 val 4.467509859 (0.004626096 from ideal, 0.000059301 from prev)
iter   74 val 4.467569477 (0.004566478 from ideal, 0.000059618 from prev)
iter   75 val 4.467629438 (0.004506517 from ideal, 0.000059961 from prev)
iter   76 val 4.467689765 (0.004446190 from ideal, 0.000060327 from prev)
iter   77 val 4.467750479 (0.004385476 from ideal, 0.000060714 from prev)
iter   78 val 4.467811601 (0.004324354 from ideal, 0.000061122 from prev)
iter   79 val 4.467873152 (0.004262803 from ideal, 0.000061550 from prev)
iter   80 val 4.467935146 (0.004200809 from ideal, 0.000061995 from prev)
iter   81 val 4.467997602 (0.004138353 from ideal, 0.000062456 from prev)
iter   82 val 4.468060534 (0.004075421 from ideal, 0.000062932 from prev)
iter   83 val 4.468123954 (0.004012001 from ideal, 0.000063420 from prev)
iter   84 val 4.468187874 (0.003948081 from ideal, 0.000063920 from prev)
iter   85 val 4.468252301 (0.003883654 from ideal, 0.000064427 from prev)
iter   86 val 4.468317243 (0.003818712 from ideal, 0.000064942 from prev)
iter   87 val 4.468382705 (0.003753250 from ideal, 0.000065463 from prev)
iter   88 val 4.468448690 (0.003687265 from ideal, 0.000065985 from prev)
iter   89 val 4.468515192 (0.003620763 from ideal, 0.000066502 from prev)
iter   90 val 4.468582205 (0.003553750 from ideal, 0.000067013 from prev)
iter   91 val 4.468649720 (0.003486235 from ideal, 0.000067515 from prev)
iter   92 val 4.468717726 (0.003418229 from ideal, 0.000068006 from prev)
iter   93 val 4.468786207 (0.003349748 from ideal, 0.000068482 from prev)
iter   94 val 4.468855146 (0.003280809 from ideal, 0.000068939 from prev)
iter   95 val 4.468924518 (0.003211437 from ideal, 0.000069372 from prev)
iter   96 val 4.468994296 (0.003141659 from ideal, 0.000069778 from prev)
iter   97 val 4.469064448 (0.003071507 from ideal, 0.000070152 from prev)
iter   98 val 4.469134937 (0.003001018 from ideal, 0.000070489 from prev)
iter   99 val 4.469205727 (0.002930228 from ideal, 0.000070790 from prev)
iter  100 val 4.469276768 (0.002859187 from ideal, 0.000071041 from prev)
iter  101 val 4.469348012 (0.002787943 from ideal, 0.000071244 from prev)
iter  102 val 4.469419470 (0.002716485 from ideal, 0.000071457 from prev)
iter  103 val 4.469491021 (0.002644934 from ideal, 0.000071551 from prev)
iter  104 val 4.469562626 (0.002573329 from ideal, 0.000071605 from prev)
iter  105 val 4.469634202 (0.002501753 from ideal, 0.000071576 from prev)
iter  106 val 4.469705684 (0.002430271 from ideal, 0.000071482 from prev)
iter  107 val 4.469776996 (0.002358959 from ideal, 0.000071312 from prev)
iter  108 val 4.469848063 (0.002287892 from ideal, 0.000071067 from prev)
iter  109 val 4.469918806 (0.002217149 from ideal, 0.000070743 from prev)
iter  110 val 4.469989123 (0.002146832 from ideal, 0.000070317 from prev)
iter  111 val 4.470058992 (0.002076963 from ideal, 0.000069869 from prev)
iter  112 val 4.470128277 (0.002007678 from ideal, 0.000069285 from prev)
iter  113 val 4.470196927 (0.001939028 from ideal, 0.000068650 from prev)
iter  114 val 4.470264815 (0.001871140 from ideal, 0.000067888 from prev)
iter  115 val 4.470331960 (0.001803995 from ideal, 0.000067145 from prev)
iter  116 val 4.470398267 (0.001737688 from ideal, 0.000066307 from prev)
iter  117 val 4.470463628 (0.001672327 from ideal, 0.000065361 from prev)
iter  118 val 4.470527966 (0.001607989 from ideal, 0.000064338 from prev)
iter  119 val 4.470591181 (0.001544774 from ideal, 0.000063215 from prev)
iter  120 val 4.470653245 (0.001482710 from ideal, 0.000062065 from prev)
iter  121 val 4.470714085 (0.001421870 from ideal, 0.000060839 from prev)
iter  122 val 4.470773654 (0.001362301 from ideal, 0.000059569 from prev)
iter  123 val 4.470831906 (0.001304049 from ideal, 0.000058253 from prev)
iter  124 val 4.470888774 (0.001247181 from ideal, 0.000056868 from prev)
iter  125 val 4.470944221 (0.001191734 from ideal, 0.000055447 from prev)
iter  126 val 4.470998179 (0.001137776 from ideal, 0.000053958 from prev)
iter  127 val 4.471049976 (0.001085979 from ideal, 0.000051797 from prev)
iter  128 val 4.471100519 (0.001035436 from ideal, 0.000050543 from prev)
iter  129 val 4.471149527 (0.000986428 from ideal, 0.000049008 from prev)
iter  130 val 4.471196979 (0.000938976 from ideal, 0.000047452 from prev)
iter  131 val 4.471242865 (0.000893090 from ideal, 0.000045886 from prev)
iter  132 val 4.471287176 (0.000848779 from ideal, 0.000044311 from prev)
iter  133 val 4.471330505 (0.000805450 from ideal, 0.000043329 from prev)
iter  134 val 4.471372015 (0.000763940 from ideal, 0.000041510 from prev)
iter  135 val 4.471411940 (0.000724015 from ideal, 0.000039925 from prev)
iter  136 val 4.471450273 (0.000685682 from ideal, 0.000038333 from prev)
iter  137 val 4.471487007 (0.000648948 from ideal, 0.000036733 from prev)
iter  138 val 4.471522248 (0.000613707 from ideal, 0.000035241 from prev)
iter  139 val 4.471555952 (0.000580003 from ideal, 0.000033704 from prev)
iter  140 val 4.471588145 (0.000547810 from ideal, 0.000032194 from prev)
iter  141 val 4.471618931 (0.000517024 from ideal, 0.000030785 from prev)
iter  142 val 4.471648291 (0.000487664 from ideal, 0.000029360 from prev)
iter  143 val 4.471676261 (0.000459694 from ideal, 0.000027970 from prev)
iter  144 val 4.471702874 (0.000433081 from ideal, 0.000026613 from prev)
iter  145 val 4.471728176 (0.000407779 from ideal, 0.000025302 from prev)
iter  146 val 4.471752213 (0.000383742 from ideal, 0.000024037 from prev)
iter  147 val 4.471775017 (0.000360938 from ideal, 0.000022803 from prev)
iter  148 val 4.471796625 (0.000339330 from ideal, 0.000021609 from prev)
iter  149 val 4.471817103 (0.000318852 from ideal, 0.000020478 from prev)
iter  150 val 4.471836475 (0.000299480 from ideal, 0.000019372 from prev)
iter  151 val 4.471854797 (0.000281158 from ideal, 0.000018321 from prev)
iter  152 val 4.471872084 (0.000263871 from ideal, 0.000017288 from prev)
iter  153 val 4.471888441 (0.000247514 from ideal, 0.000016356 from prev)
iter  154 val 4.471903872 (0.000232083 from ideal, 0.000015431 from prev)
iter  155 val 4.471918419 (0.000217536 from ideal, 0.000014547 from prev)
iter  156 val 4.471932116 (0.000203839 from ideal, 0.000013697 from prev)
iter  157 val 4.471944993 (0.000190962 from ideal, 0.000012877 from prev)
iter  158 val 4.471957130 (0.000178825 from ideal, 0.000012137 from prev)
iter  159 val 4.471968528 (0.000167427 from ideal, 0.000011398 from prev)
iter  160 val 4.471979257 (0.000156698 from ideal, 0.000010729 from prev)
iter  161 val 4.471989344 (0.000146611 from ideal, 0.000010088 from prev)
iter  162 val 4.471998809 (0.000137146 from ideal, 0.000009464 from prev)
iter  163 val 4.472007677 (0.000128278 from ideal, 0.000008868 from prev)
iter  164 val 4.472016018 (0.000119937 from ideal, 0.000008341 from prev)
iter  165 val 4.472023835 (0.000112120 from ideal, 0.000007817 from prev)
iter  166 val 4.472031149 (0.000104806 from ideal, 0.000007314 from prev)
iter  167 val 4.472038016 (0.000097939 from ideal, 0.000006867 from prev)
iter  168 val 4.472044437 (0.000091518 from ideal, 0.000006421 from prev)
iter  169 val 4.472050466 (0.000085489 from ideal, 0.000006030 from prev)
iter  170 val 4.472056109 (0.000079846 from ideal, 0.000005643 from prev)
iter  171 val 4.472061389 (0.000074566 from ideal, 0.000005280 from prev)
iter  172 val 4.472066329 (0.000069626 from ideal, 0.000004940 from prev)
iter  173 val 4.472070949 (0.000065006 from ideal, 0.000004621 from prev)
iter  174 val 4.472075271 (0.000060684 from ideal, 0.000004322 from prev)
iter  175 val 4.472079309 (0.000056646 from ideal, 0.000004037 from prev)
iter  176 val 4.472083078 (0.000052877 from ideal, 0.000003769 from prev)
iter  177 val 4.472086603 (0.000049352 from ideal, 0.000003525 from prev)
iter  178 val 4.472089894 (0.000046061 from ideal, 0.000003291 from prev)
iter  179 val 4.472092972 (0.000042983 from ideal, 0.000003078 from prev)
iter  180 val 4.472095846 (0.000040109 from ideal, 0.000002874 from prev)
iter  181 val 4.472098527 (0.000037428 from ideal, 0.000002681 from prev)
iter  182 val 4.472101036 (0.000034919 from ideal, 0.000002509 from prev)
iter  183 val 4.472103375 (0.000032580 from ideal, 0.000002339 from prev)
iter  184 val 4.472105552 (0.000030403 from ideal, 0.000002177 from prev)
iter  185 val 4.472107584 (0.000028371 from ideal, 0.000002032 from prev)
iter  186 val 4.472109486 (0.000026469 from ideal, 0.000001902 from prev)
iter  187 val 4.472111263 (0.000024692 from ideal, 0.000001776 from prev)
iter  188 val 4.472112922 (0.000023033 from ideal, 0.000001660 from prev)
iter  189 val 4.472114467 (0.000021488 from ideal, 0.000001545 from prev)
iter  190 val 4.472115913 (0.000020042 from ideal, 0.000001445 from prev)
iter  191 val 4.472117260 (0.000018695 from ideal, 0.000001347 from prev)
iter  192 val 4.472118517 (0.000017438 from ideal, 0.000001257 from prev)
iter  193 val 4.472119687 (0.000016268 from ideal, 0.000001170 from prev)
iter  194 val 4.472120776 (0.000015179 from ideal, 0.000001089 from prev)
iter  195 val 4.472121792 (0.000014163 from ideal, 0.000001016 from prev)
iter  196 val 4.472122742 (0.000013213 from ideal, 0.000000950 from prev)
iter  197 val 4.472123629 (0.000012326 from ideal, 0.000000887 from prev)
iter  198 val 4.472124451 (0.000011504 from ideal, 0.000000822 from prev)
iter  199 val 4.472125219 (0.000010736 from ideal, 0.000000768 from prev)
iter  200 val 4.472125933 (0.000010022 from ideal, 0.000000714 from prev)
iter  201 val 4.472126600 (0.000009355 from ideal, 0.000000667 from prev)
iter  202 val 4.472127224 (0.000008731 from ideal, 0.000000624 from prev)
iter  203 val 4.472127803 (0.000008152 from ideal, 0.000000579 from prev)
iter  204 val 4.472128345 (0.000007610 from ideal, 0.000000542 from prev)
iter  205 val 4.472128854 (0.000007101 from ideal, 0.000000509 from prev)
iter  206 val 4.472129328 (0.000006627 from ideal, 0.000000475 from prev)
iter  207 val 4.472129769 (0.000006186 from ideal, 0.000000441 from prev)
iter  208 val 4.472130179 (0.000005776 from ideal, 0.000000410 from prev)
iter  209 val 4.472130564 (0.000005391 from ideal, 0.000000385 from prev)
iter  210 val 4.472130921 (0.000005034 from ideal, 0.000000357 from prev)
iter  211 val 4.472131255 (0.000004700 from ideal, 0.000000334 from prev)
iter  212 val 4.472131566 (0.000004389 from ideal, 0.000000311 from prev)
iter  213 val 4.472131856 (0.000004099 from ideal, 0.000000289 from prev)
iter  214 val 4.472132126 (0.000003829 from ideal, 0.000000270 from prev)
iter  215 val 4.472132376 (0.000003579 from ideal, 0.000000250 from prev)
iter  216 val 4.472132611 (0.000003344 from ideal, 0.000000235 from prev)
iter  217 val 4.472132830 (0.000003125 from ideal, 0.000000219 from prev)
iter  218 val 4.472133032 (0.000002923 from ideal, 0.000000203 from prev)
iter  219 val 4.472133221 (0.000002734 from ideal, 0.000000188 from prev)
iter  220 val 4.472133399 (0.000002556 from ideal, 0.000000179 from prev)
iter  221 val 4.472133547 (0.000002408 from ideal, 0.000000148 from prev)
iter  222 val 4.472133708 (0.000002247 from ideal, 0.000000161 from prev)
iter  223 val 4.472133854 (0.000002101 from ideal, 0.000000146 from prev)
iter  224 val 4.472133987 (0.000001968 from ideal, 0.000000134 from prev)
iter  225 val 4.472134114 (0.000001841 from ideal, 0.000000126 from prev)
iter  226 val 4.472134227 (0.000001728 from ideal, 0.000000113 from prev)
iter  227 val 4.472134335 (0.000001620 from ideal, 0.000000108 from prev)
iter  228 val 4.472134437 (0.000001518 from ideal, 0.000000101 from prev)
iter  229 val 4.472134532 (0.000001423 from ideal, 0.000000096 from prev)
iter  230 val 4.472134621 (0.000001334 from ideal, 0.000000088 from prev)
iter  231 val 4.472134701 (0.000001254 from ideal, 0.000000080 from prev)
iter  232 val 4.472134779 (0.000001176 from ideal, 0.000000078 from prev)
iter  233 val 4.472134849 (0.000001106 from ideal, 0.000000070 from prev)
iter  234 val 4.472134917 (0.000001038 from ideal, 0.000000069 from prev)
iter  235 val 4.472134976 (0.000000979 from ideal, 0.000000059 from prev)
iter  236 val 4.472135032 (0.000000923 from ideal, 0.000000056 from prev)
iter  237 val 4.472135088 (0.000000867 from ideal, 0.000000056 from prev)
iter  238 val 4.472135138 (0.000000817 from ideal, 0.000000051 from prev)
iter  239 val 4.472135186 (0.000000769 from ideal, 0.000000048 from prev)
iter  240 val 4.472135229 (0.000000726 from ideal, 0.000000043 from prev)
iter  241 val 4.472135270 (0.000000685 from ideal, 0.000000041 from prev)
iter  242 val 4.472135308 (0.000000647 from ideal, 0.000000038 from prev)
iter  243 val 4.472135344 (0.000000611 from ideal, 0.000000035 from prev)
iter  244 val 4.472135377 (0.000000578 from ideal, 0.000000033 from prev)
iter  245 val 4.472135408 (0.000000547 from ideal, 0.000000031 from prev)
iter  246 val 4.472135434 (0.000000521 from ideal, 0.000000026 from prev)
iter  247 val 4.472135456 (0.000000499 from ideal, 0.000000023 from prev)
iter  248 val 4.472135486 (0.000000469 from ideal, 0.000000030 from prev)
iter  249 val 4.472135507 (0.000000448 from ideal, 0.000000021 from prev)
iter  250 val 4.472135530 (0.000000425 from ideal, 0.000000023 from prev)
iter  251 val 4.472135550 (0.000000405 from ideal, 0.000000020 from prev)
iter  252 val 4.472135570 (0.000000385 from ideal, 0.000000019 from prev)
iter  253 val 4.472135587 (0.000000368 from ideal, 0.000000018 from prev)
iter  254 val 4.472135602 (0.000000353 from ideal, 0.000000014 from prev)
iter  255 val 4.472135616 (0.000000339 from ideal, 0.000000014 from prev)
iter  256 val 4.472135632 (0.000000323 from ideal, 0.000000016 from prev)
iter  257 val 4.472135644 (0.000000311 from ideal, 0.000000012 from prev)
iter  258 val 4.472135653 (0.000000302 from ideal, 0.000000009 from prev)
iter  259 val 4.472135667 (0.000000288 from ideal, 0.000000013 from prev)
iter  260 val 4.472135675 (0.000000280 from ideal, 0.000000008 from prev)
iter  261 val 4.472135689 (0.000000266 from ideal, 0.000000015 from prev)
iter  262 val 4.472135696 (0.000000259 from ideal, 0.000000007 from prev)
iter  263 val 4.472135706 (0.000000249 from ideal, 0.000000010 from prev)
iter  264 val 4.472135715 (0.000000240 from ideal, 0.000000009 from prev)
iter  265 val 4.472135720 (0.000000235 from ideal, 0.000000005 from prev)
iter  266 val 4.472135730 (0.000000225 from ideal, 0.000000010 from prev)
iter  267 val 4.472135737 (0.000000218 from ideal, 0.000000007 from prev)
iter  268 val 4.472135737 (0.000000218 from ideal, 0.000000000 from prev)
iter  269 val 4.472135746 (0.000000209 from ideal, 0.000000009 from prev)
iter  270 val 4.472135753 (0.000000202 from ideal, 0.000000007 from prev)
iter  271 val 4.472135753 (0.000000202 from ideal, 0.000000000 from prev)
iter  272 val 4.472135762 (0.000000193 from ideal, 0.000000009 from prev)
iter  273 val 4.472135767 (0.000000188 from ideal, 0.000000005 from prev)
iter  274 val 4.472135769 (0.000000186 from ideal, 0.000000002 from prev)

A[0][0] = { { +0.324526289+0.000000000i , +0.177276862+0.035512478i , -0.241074526-0.115712910i , +0.248784727-0.050400271i , -0.095996582+0.203383803i },
            { +0.177276862-0.035512478i , +0.100725964+0.000000000i , -0.144352522-0.036829276i , +0.130386780-0.054756009i , -0.030183412+0.121605924i },
            { -0.241074526+0.115712910i , -0.144352522+0.036829276i , +0.220340877+0.000000000i , -0.166839177+0.126146412i , -0.001207301-0.185312254i },
            { +0.248784727+0.050400271i , +0.130386780+0.054756009i , -0.166839177-0.126146412i , +0.198547951+0.000000000i , -0.105178175+0.141007162i },
            { -0.095996582-0.203383803i , -0.030183412-0.121605924i , -0.001207301+0.185312254i , -0.105178175-0.141007162i , +0.155858917+0.000000000i } }

A[0][1] = { { +0.077962466+0.000000000i , -0.018170197-0.072383098i , +0.025194599+0.039146386i , +0.113497596-0.060762672i , -0.036705706-0.215003544i },
            { -0.018170197+0.072383098i , +0.071437831+0.000000000i , -0.042216822+0.014267963i , +0.029962070+0.119536724i , +0.208171624+0.016030585i },
            { +0.025194599-0.039146386i , -0.042216822-0.014267963i , +0.027798090+0.000000000i , +0.006168191-0.076625488i , -0.119819163-0.051050618i },
            { +0.113497596+0.060762672i , +0.029962070-0.119536724i , +0.006168191+0.076625488i , +0.212587014+0.000000000i , +0.114134164-0.341609557i },
            { -0.036705706+0.215003544i , +0.208171624-0.016030585i , -0.119819163+0.051050618i , +0.114134164+0.341609557i , +0.610214598+0.000000000i } }

A[0][2] = { { +0.597511244+0.000000000i , -0.159106665+0.036870620i , +0.215879928+0.076566525i , -0.362282322+0.111162943i , +0.132702288+0.011619741i },
            { -0.159106665-0.036870620i , +0.827836203+0.000000000i , +0.186569344+0.022561313i , -0.160348850-0.064780715i , -0.177988212-0.137636508i },
            { +0.215879928-0.076566525i , +0.186569344-0.022561313i , +0.751861032+0.000000000i , +0.160670986-0.049520924i , +0.121026464+0.236362873i },
            { -0.362282322-0.111162943i , -0.160348850+0.064780715i , +0.160670986+0.049520924i , +0.588865034+0.000000000i , -0.008955989+0.200602395i },
            { +0.132702288-0.011619741i , -0.177988212+0.137636508i , +0.121026464-0.236362873i , -0.008955989-0.200602395i , +0.233926483+0.000000000i } }

A[1][0] = { { +0.303283262+0.000000000i , +0.219241419-0.020906174i , -0.261592064-0.112782029i , +0.267765810+0.021586364i , -0.094153212+0.024882309i },
            { +0.219241419+0.020906174i , +0.159929267+0.000000000i , -0.181328751-0.099561648i , +0.192078087+0.034062491i , -0.069777929+0.011497008i },
            { -0.261592064+0.112782029i , -0.181328751+0.099561648i , +0.267572287+0.000000000i , -0.238984390+0.080955179i , +0.071957335-0.056474615i },
            { +0.267765810-0.021586364i , +0.192078087-0.034062491i , -0.238984390-0.080955179i , +0.237944228+0.000000000i , -0.081355931+0.028669756i },
            { -0.094153212-0.024882309i , -0.069777929-0.011497008i , +0.071957335+0.056474615i , -0.081355931-0.028669756i , +0.031270956+0.000000000i } }

A[1][1] = { { +0.197390273+0.000000000i , -0.019766952+0.182322098i , +0.108234985-0.077086250i , -0.036559643-0.210499868i , +0.219295542+0.115761951i },
            { -0.019766952-0.182322098i , +0.170383681+0.000000000i , -0.082040530-0.092253125i , -0.190769815+0.054848556i , +0.084964460-0.214147761i },
            { +0.108234985+0.077086250i , -0.082040530+0.092253125i , +0.089452749+0.000000000i , +0.062159161-0.129700900i , +0.075038120+0.149116590i },
            { -0.036559643+0.210499868i , -0.190769815-0.054848556i , +0.062159161+0.129700900i , +0.231251533+0.000000000i , -0.164067063+0.212419119i },
            { +0.219295542-0.115761951i , +0.084964460+0.214147761i , +0.075038120-0.149116590i , -0.164067063-0.212419119i , +0.311521763+0.000000000i } }

A[1][2] = { { +0.499326464+0.000000000i , -0.199474467-0.161415925i , +0.153357078+0.189868279i , -0.231206167+0.188913504i , -0.125142330-0.140644260i },
            { -0.199474467+0.161415925i , +0.669687051+0.000000000i , +0.263369281+0.191814773i , -0.001308272-0.088911046i , -0.015186531+0.202650753i },
            { +0.153357078-0.189868279i , +0.263369281-0.191814773i , +0.642974963+0.000000000i , +0.176825229+0.048745721i , -0.146995455-0.092641976i },
            { -0.231206167-0.188913504i , -0.001308272+0.088911046i , +0.176825229-0.048745721i , +0.530804237+0.000000000i , +0.245422994-0.241088875i },
            { -0.125142330+0.140644260i , -0.015186531-0.202650753i , -0.146995455+0.092641976i , +0.245422994+0.241088875i , +0.657207280+0.000000000i } }

A[2][0] = { { +0.405972264+0.000000000i , +0.209413586-0.124896492i , -0.233308000-0.037129526i , +0.264704226-0.206304364i , -0.026212266+0.112149322i },
            { +0.209413586+0.124896492i , +0.146446419+0.000000000i , -0.108924972-0.090929311i , +0.200012068-0.024982758i , -0.048023629+0.049786089i },
            { -0.233308000+0.037129526i , -0.108924972+0.090929311i , +0.137475466+0.000000000i , -0.133254498+0.142770348i , +0.004806930-0.066848366i },
            { +0.264704226+0.206304364i , +0.200012068+0.024982758i , -0.133254498-0.142770348i , +0.277432299+0.000000000i , -0.074082381+0.059803825i },
            { -0.026212266-0.112149322i , -0.048023629-0.049786089i , +0.004806930+0.066848366i , -0.074082381-0.059803825i , +0.032673550+0.000000000i } }

A[2][1] = { { +0.369461812+0.000000000i , -0.271098761-0.088619598i , +0.002195042-0.210207983i , -0.256875005+0.178637701i , -0.062800772-0.074695767i },
            { -0.271098761+0.088619598i , +0.220179650+0.000000000i , +0.048810117+0.154770116i , +0.145638039-0.192692768i , +0.063997738+0.039745786i },
            { +0.002195042+0.210207983i , +0.048810117-0.154770116i , +0.119612405+0.000000000i , -0.103163360-0.145089582i , +0.042125587-0.036174736i },
            { -0.256875005-0.178637701i , +0.145638039+0.192692768i , -0.103163360+0.145089582i , +0.264969731+0.000000000i , +0.007547380+0.082298251i },
            { -0.062800772+0.074695767i , +0.063997738-0.039745786i , +0.042125587+0.036174736i , +0.007547380-0.082298251i , +0.025776401+0.000000000i } }

A[2][2] = { { +0.224565923+0.000000000i , +0.061685175+0.213516089i , +0.231112958+0.247337508i , -0.007829222+0.027666663i , +0.089013038-0.037453555i },
            { +0.061685175-0.213516089i , +0.633373929+0.000000000i , +0.060114855-0.063840805i , -0.345650107+0.217675526i , -0.015974109-0.089531875i },
            { +0.231112958-0.247337508i , +0.060114855+0.063840805i , +0.742912128+0.000000000i , +0.236417858+0.002319234i , -0.046932517+0.103023102i },
            { -0.007829222-0.027666663i , -0.345650107-0.217675526i , +0.236417858-0.002319234i , +0.457597968+0.000000000i , +0.066535001-0.142102076i },
            { +0.089013038+0.037453555i , -0.015974109+0.089531875i , -0.046932517-0.103023102i , +0.066535001+0.142102076i , +0.941550047+0.000000000i } }

A[3][0] = { { +0.358101931+0.000000000i , +0.140859496+0.000790768i , -0.155608329-0.152749331i , +0.389103496+0.000796820i , -0.038715135+0.097854848i },
            { +0.140859496-0.000790768i , +0.055408874+0.000000000i , -0.061545884-0.059740376i , +0.153055732-0.000545796i , -0.015012524+0.038576724i },
            { -0.155608329+0.152749331i , -0.061545884+0.059740376i , +0.132773121+0.000000000i , -0.169419526+0.165626882i , -0.024917110-0.059035539i },
            { +0.389103496-0.000796820i , +0.153055732+0.000545796i , -0.169419526-0.165626882i , +0.422790705+0.000000000i , -0.041849039+0.106412475i },
            { -0.038715135-0.097854848i , -0.015012524-0.038576724i , -0.024917110+0.059035539i , -0.041849039-0.106412475i , +0.030925368+0.000000000i } }

A[3][1] = { { +0.162509420+0.000000000i , +0.090988824-0.128609396i , +0.020243573+0.251904590i , -0.108078845+0.144546804i , -0.026260247+0.118956382i },
            { +0.090988824+0.128609396i , +0.152725572+0.000000000i , -0.188022076+0.157061768i , -0.174907058-0.004601647i , -0.108844753+0.045821264i },
            { +0.020243573-0.251904590i , -0.188022076-0.157061768i , +0.392997071+0.000000000i , +0.210597650+0.185538173i , +0.181122165+0.055524038i },
            { -0.108078845-0.144546804i , -0.174907058+0.004601647i , +0.210597650-0.185538173i , +0.200448785+0.000000000i , +0.123272499-0.055755744i },
            { -0.026260247-0.118956382i , -0.108844753-0.045821264i , +0.181122165-0.055524038i , +0.123272499+0.055755744i , +0.091319150+0.000000000i } }

A[3][2] = { { +0.479388647+0.000000000i , -0.231848320+0.127818627i , +0.135364755-0.099155260i , -0.281024650-0.145343623i , +0.064975382-0.216811230i },
            { -0.231848320-0.127818627i , +0.791865553+0.000000000i , +0.249567960-0.097321391i , +0.021851326+0.005147443i , +0.123857277-0.084397988i },
            { +0.135364755+0.099155260i , +0.249567960+0.097321391i , +0.474229806+0.000000000i , -0.041178124-0.351165055i , -0.156205054+0.003511502i },
            { -0.281024650+0.145343623i , +0.021851326-0.005147443i , -0.041178124+0.351165055i , +0.376760509+0.000000000i , -0.081423460-0.050656731i },
            { +0.064975382+0.216811230i , +0.123857277+0.084397988i , -0.156205054-0.003511502i , -0.081423460+0.050656731i , +0.877755480+0.000000000i } }

A[4][0] = { { +0.428788003+0.000000000i , +0.154006803+0.070290534i , -0.292905372+0.014091028i , +0.335851854-0.094538225i , -0.051865206+0.076510990i },
            { +0.154006803-0.070290534i , +0.066836888+0.000000000i , -0.102892233+0.053076554i , +0.105129640-0.089010738i , -0.006085982+0.035982457i },
            { -0.292905372-0.014091028i , -0.102892233-0.053076554i , +0.200546925+0.000000000i , -0.232527386+0.053542207i , +0.037943497-0.050560291i },
            { +0.335851854+0.094538225i , +0.105129640+0.089010738i , -0.232527386-0.053542207i , +0.283902409+0.000000000i , -0.057492837+0.048492759i },
            { -0.051865206-0.076510990i , -0.006085982-0.035982457i , +0.037943497+0.050560291i , -0.057492837-0.048492759i , +0.019925773+0.000000000i } }

A[4][1] = { { +0.031079801+0.000000000i , +0.040505560+0.114963526i , +0.077474567+0.075859745i , -0.008815017+0.012935656i , -0.033098584-0.046464714i },
            { +0.040505560-0.114963526i , +0.478037628+0.000000000i , +0.381574377-0.187710605i , +0.036360322+0.049465289i , -0.215008606+0.061874617i },
            { +0.077474567-0.075859745i , +0.381574377+0.187710605i , +0.378284613+0.000000000i , +0.009599681+0.053761259i , -0.195918254-0.035038303i },
            { -0.008815017-0.012935656i , +0.036360322-0.049465289i , +0.009599681-0.053761259i , +0.007884085+0.000000000i , -0.009951385+0.026954455i },
            { -0.033098584+0.046464714i , -0.215008606-0.061874617i , -0.195918254+0.035038303i , -0.009951385-0.026954455i , +0.104713871+0.000000000i } }

A[4][2] = { { +0.540132195+0.000000000i , -0.194512363-0.185254059i , +0.215430805-0.089950773i , -0.327036837+0.081602568i , +0.084963790-0.030046276i },
            { -0.194512363+0.185254059i , +0.455125482+0.000000000i , -0.278682144+0.134634051i , -0.141489962+0.039545448i , +0.221094587-0.097857074i },
            { +0.215430805+0.089950773i , -0.278682144-0.134634051i , +0.421168460+0.000000000i , +0.222927706-0.107303466i , +0.157974757+0.085598593i },
            { -0.327036837-0.081602568i , -0.141489962-0.039545448i , +0.222927706+0.107303466i , +0.708213504+0.000000000i , +0.067444222-0.075447215i },
            { +0.084963790+0.030046276i , +0.221094587+0.097857074i , +0.157974757-0.085598593i , +0.067444222+0.075447215i , +0.875360354+0.000000000i } }

A[5][0] = { { +0.338396434+0.000000000i , +0.075405046-0.085556645i , +0.334590972-0.087368470i , -0.162074786+0.005166997i , +0.006327539+0.254870714i },
            { +0.075405046+0.085556645i , +0.038433802+0.000000000i , +0.096646412+0.065126153i , -0.037421575-0.039825944i , -0.063028900+0.058392758i },
            { +0.334590972+0.087368470i , +0.096646412-0.065126153i , +0.353385435+0.000000000i , -0.161586197-0.036736190i , -0.059547101+0.253638216i },
            { -0.162074786-0.005166997i , -0.037421575+0.039825944i , -0.161586197+0.036736190i , +0.077704527+0.000000000i , +0.000861065-0.122166802i },
            { +0.006327539-0.254870714i , -0.063028900-0.058392758i , -0.059547101-0.253638216i , +0.000861065+0.122166802i , +0.192079800+0.000000000i } }

A[5][1] = { { +0.282553587+0.000000000i , +0.050531770-0.164499499i , +0.032281386+0.027257967i , +0.257543558-0.065354953i , +0.043679150-0.314341534i },
            { +0.050531770+0.164499499i , +0.104806831+0.000000000i , -0.010096090+0.023668662i , +0.084107901+0.138250891i , +0.190817645-0.030787207i },
            { +0.032281386-0.027257967i , -0.010096090-0.023668662i , +0.006317688+0.000000000i , +0.023119227-0.032311967i , -0.025334265-0.040126852i },
            { +0.257543558+0.065354953i , +0.084107901-0.138250891i , +0.023119227+0.032311967i , +0.249863953+0.000000000i , +0.112520462-0.276414783i },
            { +0.043679150+0.314341534i , +0.190817645+0.030787207i , -0.025334265+0.040126852i , +0.112520462+0.276414783i , +0.356457939+0.000000000i } }

A[5][2] = { { +0.379049977+0.000000000i , -0.125936815+0.250056143i , -0.366872358+0.060110503i , -0.095468773+0.060187956i , -0.050006689+0.059470820i },
            { -0.125936815-0.250056143i , +0.856759365+0.000000000i , -0.086550322-0.088794815i , -0.046686326-0.098424947i , -0.127788744-0.027605551i },
            { -0.366872358-0.060110503i , -0.086550322+0.088794815i , +0.640296875+0.000000000i , +0.138466970+0.069048157i , +0.084881366-0.213511364i },
            { -0.095468773-0.060187956i , -0.046686326+0.098424947i , +0.138466970-0.069048157i , +0.672431519+0.000000000i , -0.113381527+0.398581585i },
            { -0.050006689-0.059470820i , -0.127788744+0.027605551i , +0.084881366+0.213511364i , -0.113381527-0.398581585i , +0.451462259+0.000000000i } }

A[6][0] = { { +0.128671902+0.000000000i , +0.046108870-0.056310023i , +0.206770919-0.024508466i , -0.167241349+0.022744121i , -0.081359870+0.168396324i },
            { +0.046108870+0.056310023i , +0.041165531+0.000000000i , +0.084820741+0.081705622i , -0.069883413-0.065038742i , -0.102849283+0.024738799i },
            { +0.206770919+0.024508466i , +0.084820741-0.081705622i , +0.336941313+0.000000000i , -0.273082711+0.004694060i , -0.162817140+0.255109761i },
            { -0.167241349-0.022744121i , -0.069883413+0.065038742i , -0.273082711-0.004694060i , +0.221392273+0.000000000i , +0.135513353-0.204491971i },
            { -0.081359870-0.168396324i , -0.102849283-0.024738799i , -0.162817140-0.255109761i , +0.135513353+0.204491971i , +0.271828980+0.000000000i } }

A[6][1] = { { +0.213512695+0.000000000i , -0.022341694+0.175922714i , +0.008008314-0.029056383i , +0.083356581-0.269553679i , +0.210215304+0.108492762i },
            { -0.022341694-0.175922714i , +0.147288450+0.000000000i , -0.024778842-0.003557989i , -0.230819730-0.040475487i , +0.067395410-0.184558391i },
            { +0.008008314+0.029056383i , -0.024778842+0.003557989i , +0.004254581+0.000000000i , +0.039809348+0.001233509i , -0.006879857+0.032676936i },
            { +0.083356581+0.269553679i , -0.230819730+0.040475487i , +0.039809348-0.001233509i , +0.372846717+0.000000000i , -0.054899756+0.307747020i },
            { +0.210215304-0.108492762i , +0.067395410+0.184558391i , -0.006879857-0.032676936i , -0.054899756-0.307747020i , +0.262097555+0.000000000i } }

A[6][2] = { { +0.657815402+0.000000000i , -0.023767176-0.119612691i , -0.214779233+0.053564849i , +0.083884768+0.246809558i , -0.128855434-0.276889086i },
            { -0.023767176+0.119612691i , +0.811546018+0.000000000i , -0.060041899-0.078147633i , +0.300703143+0.105514229i , +0.035453873+0.159819592i },
            { -0.214779233-0.053564849i , -0.060041899+0.078147633i , +0.658804104+0.000000000i , +0.233273363-0.005927569i , +0.169696997-0.287786696i },
            { +0.083884768-0.246809558i , +0.300703143-0.105514229i , +0.233273363+0.005927569i , +0.405761008+0.000000000i , -0.080613597-0.103255049i },
            { -0.128855434+0.276889086i , +0.035453873-0.159819592i , +0.169696997+0.287786696i , -0.080613597+0.103255049i , +0.466073464+0.000000000i } }

A[7][0] = { { +0.175148576+0.000000000i , +0.068365112+0.017524111i , +0.221673181+0.047597453i , -0.106355820-0.059164617i , -0.117991000+0.243623192i },
            { +0.068365112-0.017524111i , +0.028438048+0.000000000i , +0.091287153-0.003600488i , -0.047433072-0.012452309i , -0.021679812+0.106897895i },
            { +0.221673181-0.047597453i , +0.091287153+0.003600488i , +0.293490927+0.000000000i , -0.150685315-0.045977779i , -0.083127125+0.340401281i },
            { -0.106355820+0.059164617i , -0.047433072+0.012452309i , -0.150685315+0.045977779i , +0.084568276+0.000000000i , -0.010647205-0.187792775i },
            { -0.117991000-0.243623192i , -0.021679812-0.106897895i , -0.083127125-0.340401281i , -0.010647205+0.187792775i , +0.418354171+0.000000000i } }

A[7][1] = { { +0.329394947+0.000000000i , -0.241482824+0.082766565i , -0.111502892-0.165711593i , -0.072909330+0.265568136i , -0.176519103-0.093995876i },
            { -0.241482824-0.082766565i , +0.197830177+0.000000000i , +0.040105818+0.149502036i , +0.120179482-0.176370918i , +0.105789772+0.113263028i },
            { -0.111502892+0.165711593i , +0.040105818-0.149502036i , +0.121110626+0.000000000i , -0.108921275-0.126576127i , +0.107040491-0.056984634i },
            { -0.072909330-0.265568136i , +0.120179482+0.176370918i , -0.108921275+0.126576127i , +0.230247027+0.000000000i , -0.036711005+0.163120372i },
            { -0.176519103+0.093995876i , +0.105789772-0.113263028i , +0.107040491+0.056984634i , -0.036711005-0.163120372i , +0.121417222+0.000000000i } }

A[7][2] = { { +0.495456476+0.000000000i , +0.173117712-0.100290676i , -0.110170289+0.118114140i , +0.179265150-0.206403518i , +0.294510103-0.149627316i },
            { +0.173117712+0.100290676i , +0.773731774+0.000000000i , -0.131392971-0.145901548i , -0.072746409+0.188823227i , -0.084109960-0.220160924i },
            { -0.110170289-0.118114140i , -0.131392971+0.145901548i , +0.585398445+0.000000000i , +0.259606590+0.172553906i , -0.023913367-0.283416647i },
            { +0.179265150+0.206403518i , -0.072746409-0.188823227i , +0.259606590-0.172553906i , +0.685184696+0.000000000i , +0.047358210+0.024672403i },
            { +0.294510103+0.149627316i , -0.084109960+0.220160924i , -0.023913367+0.283416647i , +0.047358210-0.024672403i , +0.460228606+0.000000000i } }

A[8][0] = { { +0.171839489+0.000000000i , +0.035231068+0.004844883i , +0.201949354-0.154405571i , -0.166560849-0.015549082i , -0.016332421+0.219477363i },
            { +0.035231068-0.004844883i , +0.007359785+0.000000000i , +0.037050943-0.037350520i , -0.034587220+0.001508134i , +0.002839472+0.045458415i },
            { +0.201949354+0.154405571i , +0.037050943+0.037350520i , +0.376075507+0.000000000i , -0.181774236-0.167936081i , -0.216404565+0.243258961i },
            { -0.166560849+0.015549082i , -0.034587220-0.001508134i , -0.181774236+0.167936081i , +0.162851344+0.000000000i , -0.004028931-0.214213223i },
            { -0.016332421-0.219477363i , +0.002839472-0.045458415i , -0.216404565-0.243258961i , -0.004028931+0.214213223i , +0.281873874+0.000000000i } }

A[8][1] = { { +0.166981861+0.000000000i , +0.155922851-0.095569185i , -0.190726762+0.209926679i , -0.108844249+0.068018507i , -0.025814844+0.089819859i },
