iter    0 val 2.365171136 (3.112054439 from ideal, 3.365171136 from prev)
iter    1 val 5.418603407 (0.058622168 from ideal, 3.053432271 from prev)
iter    2 val 5.428917715 (0.048307860 from ideal, 0.010314308 from prev)
iter    3 val 5.436055422 (0.041170153 from ideal, 0.007137708 from prev)
iter    4 val 5.441170336 (0.036055239 from ideal, 0.005114914 from prev)
iter    5 val 5.444965543 (0.032260032 from ideal, 0.003795207 from prev)
iter    6 val 5.447879562 (0.029346013 from ideal, 0.002914019 from prev)
iter    7 val 5.450191304 (0.027034271 from ideal, 0.002311742 from prev)
iter    8 val 5.452082465 (0.025143110 from ideal, 0.001891161 from prev)
iter    9 val 5.453672916 (0.023552659 from ideal, 0.001590451 from prev)
iter   10 val 5.455043420 (0.022182155 from ideal, 0.001370504 from prev)
iter   11 val 5.456249054 (0.020976521 from ideal, 0.001205634 from prev)
iter   12 val 5.457327851 (0.019897724 from ideal, 0.001078797 from prev)
iter   13 val 5.458306270 (0.018919305 from ideal, 0.000978419 from prev)
iter   14 val 5.459203009 (0.018022566 from ideal, 0.000896739 from prev)
iter   15 val 5.460031304 (0.017194271 from ideal, 0.000828295 from prev)
iter   16 val 5.460800632 (0.016424943 from ideal, 0.000769328 from prev)
iter   17 val 5.461517986 (0.015707589 from ideal, 0.000717354 from prev)
iter   18 val 5.462188524 (0.015037051 from ideal, 0.000670537 from prev)
iter   19 val 5.462816248 (0.014409327 from ideal, 0.000627725 from prev)
iter   20 val 5.463404375 (0.013821200 from ideal, 0.000588127 from prev)
iter   21 val 5.463955552 (0.013270023 from ideal, 0.000551176 from prev)
iter   22 val 5.464472011 (0.012753564 from ideal, 0.000516460 from prev)
iter   23 val 5.464956035 (0.012269540 from ideal, 0.000484024 from prev)
iter   24 val 5.465409274 (0.011816301 from ideal, 0.000453239 from prev)
iter   25 val 5.465833627 (0.011391948 from ideal, 0.000424353 from prev)
iter   26 val 5.466230857 (0.010994718 from ideal, 0.000397230 from prev)
iter   27 val 5.466602705 (0.010622870 from ideal, 0.000371848 from prev)
iter   28 val 5.466950846 (0.010274729 from ideal, 0.000348141 from prev)
iter   29 val 5.467276873 (0.009948702 from ideal, 0.000326027 from prev)
iter   30 val 5.467582440 (0.009643135 from ideal, 0.000305567 from prev)
iter   31 val 5.467868952 (0.009356623 from ideal, 0.000286512 from prev)
iter   32 val 5.468137825 (0.009087750 from ideal, 0.000268873 from prev)
iter   33 val 5.468390395 (0.008835180 from ideal, 0.000252570 from prev)
iter   34 val 5.468627906 (0.008597669 from ideal, 0.000237511 from prev)
iter   35 val 5.468851507 (0.008374068 from ideal, 0.000223601 from prev)
iter   36 val 5.469062263 (0.008163312 from ideal, 0.000210756 from prev)
iter   37 val 5.469261137 (0.007964438 from ideal, 0.000198875 from prev)
iter   38 val 5.469449063 (0.007776512 from ideal, 0.000187925 from prev)
iter   39 val 5.469626867 (0.007598708 from ideal, 0.000177804 from prev)
iter   40 val 5.469795309 (0.007430266 from ideal, 0.000168442 from prev)
iter   41 val 5.469955087 (0.007270488 from ideal, 0.000159778 from prev)
iter   42 val 5.470106838 (0.007118737 from ideal, 0.000151751 from prev)
iter   43 val 5.470251140 (0.006974435 from ideal, 0.000144302 from prev)
iter   44 val 5.470388510 (0.006837065 from ideal, 0.000137370 from prev)
iter   45 val 5.470519436 (0.006706139 from ideal, 0.000130926 from prev)
iter   46 val 5.470644371 (0.006581204 from ideal, 0.000124935 from prev)
iter   47 val 5.470763719 (0.006461856 from ideal, 0.000119349 from prev)
iter   48 val 5.470877860 (0.006347715 from ideal, 0.000114141 from prev)
iter   49 val 5.470987144 (0.006238431 from ideal, 0.000109283 from prev)
iter   50 val 5.471091894 (0.006133681 from ideal, 0.000104751 from prev)
iter   51 val 5.471192415 (0.006033160 from ideal, 0.000100521 from prev)
iter   52 val 5.471288987 (0.005936588 from ideal, 0.000096572 from prev)
iter   53 val 5.471381874 (0.005843701 from ideal, 0.000092887 from prev)
iter   54 val 5.471471329 (0.005754246 from ideal, 0.000089456 from prev)
iter   55 val 5.471557578 (0.005667997 from ideal, 0.000086249 from prev)
iter   56 val 5.471640833 (0.005584742 from ideal, 0.000083255 from prev)
iter   57 val 5.471721292 (0.005504283 from ideal, 0.000080459 from prev)
iter   58 val 5.471799154 (0.005426421 from ideal, 0.000077862 from prev)
iter   59 val 5.471874600 (0.005350975 from ideal, 0.000075447 from prev)
iter   60 val 5.471947804 (0.005277771 from ideal, 0.000073204 from prev)
iter   61 val 5.472018927 (0.005206649 from ideal, 0.000071123 from prev)
iter   62 val 5.472088125 (0.005137450 from ideal, 0.000069199 from prev)
iter   63 val 5.472155544 (0.005070031 from ideal, 0.000067419 from prev)
iter   64 val 5.472221316 (0.005004259 from ideal, 0.000065772 from prev)
iter   65 val 5.472285574 (0.004940001 from ideal, 0.000064258 from prev)
iter   66 val 5.472348233 (0.004877342 from ideal, 0.000062659 from prev)
iter   67 val 5.472409797 (0.004815778 from ideal, 0.000061564 from prev)
iter   68 val 5.472470208 (0.004755367 from ideal, 0.000060411 from prev)
iter   69 val 5.472529539 (0.004696036 from ideal, 0.000059331 from prev)
iter   70 val 5.472587927 (0.004637648 from ideal, 0.000058388 from prev)
iter   71 val 5.472645458 (0.004580117 from ideal, 0.000057531 from prev)
iter   72 val 5.472702235 (0.004523340 from ideal, 0.000056777 from prev)
iter   73 val 5.472758323 (0.004467252 from ideal, 0.000056088 from prev)
iter   74 val 5.472813821 (0.004411754 from ideal, 0.000055498 from prev)
iter   75 val 5.472868809 (0.004356766 from ideal, 0.000054987 from prev)
iter   76 val 5.472923363 (0.004302212 from ideal, 0.000054554 from prev)
iter   77 val 5.472977553 (0.004248022 from ideal, 0.000054190 from prev)
iter   78 val 5.473031452 (0.004194123 from ideal, 0.000053899 from prev)
iter   79 val 5.473085125 (0.004140450 from ideal, 0.000053673 from prev)
iter   80 val 5.473138631 (0.004086944 from ideal, 0.000053507 from prev)
iter   81 val 5.473192033 (0.004033542 from ideal, 0.000053402 from prev)
iter   82 val 5.473245385 (0.003980190 from ideal, 0.000053352 from prev)
iter   83 val 5.473298747 (0.003926828 from ideal, 0.000053362 from prev)
iter   84 val 5.473352362 (0.003873213 from ideal, 0.000053615 from prev)
iter   85 val 5.473405917 (0.003819658 from ideal, 0.000053555 from prev)
iter   86 val 5.473459616 (0.003765959 from ideal, 0.000053699 from prev)
iter   87 val 5.473513501 (0.003712074 from ideal, 0.000053885 from prev)
iter   88 val 5.473567611 (0.003657964 from ideal, 0.000054110 from prev)
iter   89 val 5.473621970 (0.003603605 from ideal, 0.000054359 from prev)
iter   90 val 5.473676606 (0.003548969 from ideal, 0.000054636 from prev)
iter   91 val 5.473731548 (0.003494027 from ideal, 0.000054942 from prev)
iter   92 val 5.473786815 (0.003438760 from ideal, 0.000055267 from prev)
iter   93 val 5.473842423 (0.003383152 from ideal, 0.000055608 from prev)
iter   94 val 5.473898387 (0.003327188 from ideal, 0.000055964 from prev)
iter   95 val 5.473954719 (0.003270856 from ideal, 0.000056332 from prev)
iter   96 val 5.474011425 (0.003214150 from ideal, 0.000056706 from prev)
iter   97 val 5.474068510 (0.003157065 from ideal, 0.000057085 from prev)
iter   98 val 5.474125971 (0.003099605 from ideal, 0.000057461 from prev)
iter   99 val 5.474183805 (0.003041770 from ideal, 0.000057835 from prev)
iter  100 val 5.474242007 (0.002983568 from ideal, 0.000058201 from prev)
iter  101 val 5.474300563 (0.002925012 from ideal, 0.000058556 from prev)
iter  102 val 5.474359459 (0.002866116 from ideal, 0.000058896 from prev)
iter  103 val 5.474418677 (0.002806898 from ideal, 0.000059218 from prev)
iter  104 val 5.474478193 (0.002747382 from ideal, 0.000059516 from prev)
iter  105 val 5.474537981 (0.002687594 from ideal, 0.000059789 from prev)
iter  106 val 5.474598012 (0.002627563 from ideal, 0.000060031 from prev)
iter  107 val 5.474658252 (0.002567323 from ideal, 0.000060239 from prev)
iter  108 val 5.474718663 (0.002506912 from ideal, 0.000060411 from prev)
iter  109 val 5.474779219 (0.002446356 from ideal, 0.000060556 from prev)
iter  110 val 5.474839871 (0.002385704 from ideal, 0.000060652 from prev)
iter  111 val 5.474900574 (0.002325001 from ideal, 0.000060703 from prev)
iter  112 val 5.474961278 (0.002264298 from ideal, 0.000060704 from prev)
iter  113 val 5.475021931 (0.002203644 from ideal, 0.000060654 from prev)
iter  114 val 5.475082481 (0.002143094 from ideal, 0.000060550 from prev)
iter  115 val 5.475142871 (0.002082704 from ideal, 0.000060390 from prev)
iter  116 val 5.475202824 (0.002022751 from ideal, 0.000059953 from prev)
iter  117 val 5.475262709 (0.001962866 from ideal, 0.000059885 from prev)
iter  118 val 5.475322261 (0.001903314 from ideal, 0.000059553 from prev)
iter  119 val 5.475381422 (0.001844153 from ideal, 0.000059161 from prev)
iter  120 val 5.475440131 (0.001785444 from ideal, 0.000058709 from prev)
iter  121 val 5.475498330 (0.001727245 from ideal, 0.000058199 from prev)
iter  122 val 5.475555958 (0.001669617 from ideal, 0.000057629 from prev)
iter  123 val 5.475612957 (0.001612618 from ideal, 0.000056999 from prev)
iter  124 val 5.475669269 (0.001556306 from ideal, 0.000056312 from prev)
iter  125 val 5.475724838 (0.001500738 from ideal, 0.000055569 from prev)
iter  126 val 5.475779608 (0.001445967 from ideal, 0.000054771 from prev)
iter  127 val 5.475833527 (0.001392048 from ideal, 0.000053919 from prev)
iter  128 val 5.475886542 (0.001339033 from ideal, 0.000053015 from prev)
iter  129 val 5.475938604 (0.001286971 from ideal, 0.000052062 from prev)
iter  130 val 5.475989668 (0.001235907 from ideal, 0.000051064 from prev)
iter  131 val 5.476039690 (0.001185885 from ideal, 0.000050022 from prev)
iter  132 val 5.476088630 (0.001136945 from ideal, 0.000048940 from prev)
iter  133 val 5.476136453 (0.001089123 from ideal, 0.000047822 from prev)
iter  134 val 5.476183123 (0.001042452 from ideal, 0.000046671 from prev)
iter  135 val 5.476228613 (0.000996962 from ideal, 0.000045490 from prev)
iter  136 val 5.476272895 (0.000952680 from ideal, 0.000044283 from prev)
iter  137 val 5.476315952 (0.000909623 from ideal, 0.000043057 from prev)
iter  138 val 5.476357765 (0.000867811 from ideal, 0.000041812 from prev)
iter  139 val 5.476398315 (0.000827260 from ideal, 0.000040551 from prev)
iter  140 val 5.476437594 (0.000787981 from ideal, 0.000039279 from prev)
iter  141 val 5.476475595 (0.000749980 from ideal, 0.000038000 from prev)
iter  142 val 5.476512314 (0.000713261 from ideal, 0.000036719 from prev)
iter  143 val 5.476547751 (0.000677824 from ideal, 0.000035437 from prev)
iter  144 val 5.476581911 (0.000643664 from ideal, 0.000034160 from prev)
iter  145 val 5.476614801 (0.000610774 from ideal, 0.000032890 from prev)
iter  146 val 5.476646431 (0.000579144 from ideal, 0.000031630 from prev)
iter  147 val 5.476676815 (0.000548760 from ideal, 0.000030384 from prev)
iter  148 val 5.476705968 (0.000519607 from ideal, 0.000029153 from prev)
iter  149 val 5.476733909 (0.000491666 from ideal, 0.000027941 from prev)
iter  150 val 5.476760660 (0.000464915 from ideal, 0.000026751 from prev)
iter  151 val 5.476786243 (0.000439332 from ideal, 0.000025583 from prev)
iter  152 val 5.476810684 (0.000414891 from ideal, 0.000024441 from prev)
iter  153 val 5.476834009 (0.000391566 from ideal, 0.000023325 from prev)
iter  154 val 5.476856247 (0.000369328 from ideal, 0.000022238 from prev)
iter  155 val 5.476877427 (0.000348148 from ideal, 0.000021180 from prev)
iter  156 val 5.476897580 (0.000327995 from ideal, 0.000020153 from prev)
iter  157 val 5.476916739 (0.000308836 from ideal, 0.000019159 from prev)
iter  158 val 5.476934935 (0.000290640 from ideal, 0.000018196 from prev)
iter  159 val 5.476952201 (0.000273374 from ideal, 0.000017266 from prev)
iter  160 val 5.476968570 (0.000257005 from ideal, 0.000016369 from prev)
iter  161 val 5.476984076 (0.000241499 from ideal, 0.000015506 from prev)
iter  162 val 5.476998752 (0.000226823 from ideal, 0.000014676 from prev)
iter  163 val 5.477012631 (0.000212944 from ideal, 0.000013879 from prev)
iter  164 val 5.477025746 (0.000199829 from ideal, 0.000013115 from prev)
iter  165 val 5.477038130 (0.000187445 from ideal, 0.000012384 from prev)
iter  166 val 5.477049816 (0.000175759 from ideal, 0.000011686 from prev)
iter  167 val 5.477060834 (0.000164741 from ideal, 0.000011018 from prev)
iter  168 val 5.477071217 (0.000154358 from ideal, 0.000010382 from prev)
iter  169 val 5.477080994 (0.000144581 from ideal, 0.000009777 from prev)
iter  170 val 5.477090196 (0.000135380 from ideal, 0.000009201 from prev)
iter  171 val 5.477098850 (0.000126726 from ideal, 0.000008654 from prev)
iter  172 val 5.477106984 (0.000118591 from ideal, 0.000008134 from prev)
iter  173 val 5.477114625 (0.000110950 from ideal, 0.000007641 from prev)
iter  174 val 5.477121800 (0.000103775 from ideal, 0.000007175 from prev)
iter  175 val 5.477128533 (0.000097043 from ideal, 0.000006733 from prev)
iter  176 val 5.477134847 (0.000090728 from ideal, 0.000006314 from prev)
iter  177 val 5.477140762 (0.000084813 from ideal, 0.000005916 from prev)
iter  178 val 5.477146306 (0.000079269 from ideal, 0.000005544 from prev)
iter  179 val 5.477151498 (0.000074077 from ideal, 0.000005192 from prev)
iter  180 val 5.477156360 (0.000069215 from ideal, 0.000004862 from prev)
iter  181 val 5.477160910 (0.000064665 from ideal, 0.000004550 from prev)
iter  182 val 5.477165167 (0.000060408 from ideal, 0.000004257 from prev)
iter  183 val 5.477169148 (0.000056427 from ideal, 0.000003981 from prev)
iter  184 val 5.477172870 (0.000052705 from ideal, 0.000003722 from prev)
iter  185 val 5.477176349 (0.000049226 from ideal, 0.000003479 from prev)
iter  186 val 5.477179599 (0.000045976 from ideal, 0.000003251 from prev)
iter  187 val 5.477182635 (0.000042940 from ideal, 0.000003036 from prev)
iter  188 val 5.477185471 (0.000040104 from ideal, 0.000002836 from prev)
iter  189 val 5.477188118 (0.000037457 from ideal, 0.000002647 from prev)
iter  190 val 5.477190590 (0.000034985 from ideal, 0.000002471 from prev)
iter  191 val 5.477192896 (0.000032679 from ideal, 0.000002306 from prev)
iter  192 val 5.477195048 (0.000030527 from ideal, 0.000002152 from prev)
iter  193 val 5.477197055 (0.000028520 from ideal, 0.000002007 from prev)
iter  194 val 5.477198927 (0.000026648 from ideal, 0.000001872 from prev)
iter  195 val 5.477200673 (0.000024902 from ideal, 0.000001746 from prev)
iter  196 val 5.477202301 (0.000023274 from ideal, 0.000001628 from prev)
iter  197 val 5.477203819 (0.000021756 from ideal, 0.000001518 from prev)
iter  198 val 5.477205234 (0.000020341 from ideal, 0.000001415 from prev)
iter  199 val 5.477206553 (0.000019022 from ideal, 0.000001319 from prev)
iter  200 val 5.477207782 (0.000017793 from ideal, 0.000001229 from prev)
iter  201 val 5.477208928 (0.000016647 from ideal, 0.000001146 from prev)
iter  202 val 5.477209996 (0.000015579 from ideal, 0.000001068 from prev)
iter  203 val 5.477210991 (0.000014584 from ideal, 0.000000995 from prev)
iter  204 val 5.477211918 (0.000013657 from ideal, 0.000000927 from prev)
iter  205 val 5.477212783 (0.000012792 from ideal, 0.000000864 from prev)
iter  206 val 5.477213588 (0.000011987 from ideal, 0.000000805 from prev)
iter  207 val 5.477214338 (0.000011237 from ideal, 0.000000750 from prev)
iter  208 val 5.477215037 (0.000010538 from ideal, 0.000000699 from prev)
iter  209 val 5.477215689 (0.000009886 from ideal, 0.000000652 from prev)
iter  210 val 5.477216296 (0.000009279 from ideal, 0.000000607 from prev)
iter  211 val 5.477216862 (0.000008713 from ideal, 0.000000566 from prev)
iter  212 val 5.477217389 (0.000008186 from ideal, 0.000000527 from prev)
iter  213 val 5.477217881 (0.000007694 from ideal, 0.000000491 from prev)
iter  214 val 5.477218339 (0.000007236 from ideal, 0.000000458 from prev)
iter  215 val 5.477218766 (0.000006809 from ideal, 0.000000427 from prev)
iter  216 val 5.477219163 (0.000006412 from ideal, 0.000000398 from prev)
iter  217 val 5.477219534 (0.000006041 from ideal, 0.000000371 from prev)
iter  218 val 5.477219880 (0.000005695 from ideal, 0.000000346 from prev)
iter  219 val 5.477220202 (0.000005373 from ideal, 0.000000322 from prev)
iter  220 val 5.477220502 (0.000005073 from ideal, 0.000000300 from prev)
iter  221 val 5.477220783 (0.000004792 from ideal, 0.000000280 from prev)
iter  222 val 5.477221044 (0.000004531 from ideal, 0.000000261 from prev)
iter  223 val 5.477221288 (0.000004287 from ideal, 0.000000244 from prev)
iter  224 val 5.477221515 (0.000004060 from ideal, 0.000000227 from prev)
iter  225 val 5.477221727 (0.000003848 from ideal, 0.000000212 from prev)
iter  226 val 5.477221925 (0.000003650 from ideal, 0.000000198 from prev)
iter  227 val 5.477222109 (0.000003466 from ideal, 0.000000185 from prev)
iter  228 val 5.477222282 (0.000003294 from ideal, 0.000000172 from prev)
iter  229 val 5.477222442 (0.000003133 from ideal, 0.000000161 from prev)
iter  230 val 5.477222592 (0.000002983 from ideal, 0.000000150 from prev)
iter  231 val 5.477222732 (0.000002843 from ideal, 0.000000140 from prev)
iter  232 val 5.477222863 (0.000002712 from ideal, 0.000000131 from prev)
iter  233 val 5.477222985 (0.000002590 from ideal, 0.000000122 from prev)
iter  234 val 5.477223099 (0.000002476 from ideal, 0.000000114 from prev)
iter  235 val 5.477223206 (0.000002369 from ideal, 0.000000107 from prev)
iter  236 val 5.477223305 (0.000002270 from ideal, 0.000000100 from prev)
iter  237 val 5.477223399 (0.000002177 from ideal, 0.000000093 from prev)
iter  238 val 5.477223485 (0.000002090 from ideal, 0.000000087 from prev)
iter  239 val 5.477223567 (0.000002008 from ideal, 0.000000081 from prev)
iter  240 val 5.477223643 (0.000001932 from ideal, 0.000000076 from prev)
iter  241 val 5.477223714 (0.000001861 from ideal, 0.000000071 from prev)
iter  242 val 5.477223780 (0.000001795 from ideal, 0.000000066 from prev)
iter  243 val 5.477223842 (0.000001733 from ideal, 0.000000062 from prev)
iter  244 val 5.477223900 (0.000001675 from ideal, 0.000000058 from prev)
iter  245 val 5.477223955 (0.000001620 from ideal, 0.000000054 from prev)
iter  246 val 5.477224005 (0.000001570 from ideal, 0.000000051 from prev)
iter  247 val 5.477224053 (0.000001522 from ideal, 0.000000048 from prev)
iter  248 val 5.477224097 (0.000001478 from ideal, 0.000000044 from prev)
iter  249 val 5.477224139 (0.000001436 from ideal, 0.000000042 from prev)
iter  250 val 5.477224178 (0.000001397 from ideal, 0.000000039 from prev)
iter  251 val 5.477224215 (0.000001360 from ideal, 0.000000037 from prev)
iter  252 val 5.477224249 (0.000001326 from ideal, 0.000000034 from prev)
iter  253 val 5.477224281 (0.000001294 from ideal, 0.000000032 from prev)
iter  254 val 5.477224311 (0.000001264 from ideal, 0.000000030 from prev)
iter  255 val 5.477224340 (0.000001236 from ideal, 0.000000028 from prev)
iter  256 val 5.477224366 (0.000001209 from ideal, 0.000000026 from prev)
iter  257 val 5.477224391 (0.000001184 from ideal, 0.000000025 from prev)
iter  258 val 5.477224414 (0.000001161 from ideal, 0.000000023 from prev)
iter  259 val 5.477224436 (0.000001139 from ideal, 0.000000022 from prev)
iter  260 val 5.477224456 (0.000001119 from ideal, 0.000000020 from prev)
iter  261 val 5.477224475 (0.000001100 from ideal, 0.000000019 from prev)
iter  262 val 5.477224493 (0.000001082 from ideal, 0.000000018 from prev)
iter  263 val 5.477224510 (0.000001065 from ideal, 0.000000017 from prev)
iter  264 val 5.477224526 (0.000001049 from ideal, 0.000000016 from prev)
iter  265 val 5.477224541 (0.000001034 from ideal, 0.000000015 from prev)
iter  266 val 5.477224555 (0.000001020 from ideal, 0.000000014 from prev)
iter  267 val 5.477224568 (0.000001007 from ideal, 0.000000013 from prev)
iter  268 val 5.477224580 (0.000000995 from ideal, 0.000000012 from prev)
iter  269 val 5.477224592 (0.000000983 from ideal, 0.000000012 from prev)
iter  270 val 5.477224602 (0.000000973 from ideal, 0.000000011 from prev)
iter  271 val 5.477224613 (0.000000962 from ideal, 0.000000010 from prev)
iter  272 val 5.477224622 (0.000000953 from ideal, 0.000000010 from prev)
iter  273 val 5.477224631 (0.000000944 from ideal, 0.000000009 from prev)
iter  274 val 5.477224640 (0.000000935 from ideal, 0.000000009 from prev)
iter  275 val 5.477224648 (0.000000927 from ideal, 0.000000008 from prev)
iter  276 val 5.477224655 (0.000000920 from ideal, 0.000000008 from prev)
iter  277 val 5.477224662 (0.000000913 from ideal, 0.000000007 from prev)
iter  278 val 5.477224669 (0.000000906 from ideal, 0.000000007 from prev)
iter  279 val 5.477224675 (0.000000900 from ideal, 0.000000006 from prev)
iter  280 val 5.477224681 (0.000000894 from ideal, 0.000000006 from prev)
iter  281 val 5.477224686 (0.000000889 from ideal, 0.000000006 from prev)
iter  282 val 5.477224692 (0.000000883 from ideal, 0.000000005 from prev)

A[0][0] = { { +0.307134641+0.000000000i , -0.252495996-0.142457141i , -0.156147997-0.037900722i , -0.160430770-0.126904233i , -0.065557078-0.184495619i , -0.103002177-0.110215525i },
            { -0.252495996+0.142457141i , +0.273652863+0.000000000i , +0.145948939-0.041267303i , +0.190751993+0.029916195i , +0.139468538+0.121267122i , +0.135799165+0.042833276i },
            { -0.156147997+0.037900722i , +0.145948939+0.041267303i , +0.084063035+0.000000000i , +0.097223506+0.044721103i , +0.056096324+0.085708218i , +0.065967266+0.043323271i },
            { -0.160430770+0.126904233i , +0.190751993-0.029916195i , +0.097223506-0.044721103i , +0.136235757+0.000000000i , +0.110474840+0.069283316i , +0.099342542+0.015011497i },
            { -0.065557078+0.184495619i , +0.139468538-0.121267122i , +0.056096324-0.085708218i , +0.110474840-0.069283316i , +0.124819429+0.000000000i , +0.088191955-0.038348146i },
            { -0.103002177+0.110215525i , +0.135799165-0.042833276i , +0.065967266-0.043323271i , +0.099342542-0.015011497i , +0.088191955+0.038348146i , +0.074094272+0.000000000i } }

A[0][1] = { { +0.080112127+0.000000000i , +0.086374000-0.040205249i , -0.010480545+0.019433779i , -0.074100559+0.197451187i , +0.091636046-0.093501124i , +0.029189840+0.040745305i },
            { +0.086374000+0.040205249i , +0.113302841+0.000000000i , -0.021052833+0.015693006i , -0.178985866+0.175696469i , +0.145723369-0.054820870i , +0.011022892+0.058579398i },
            { -0.010480545-0.019433779i , -0.021052833-0.015693006i , +0.006085411+0.000000000i , +0.057592248-0.007855779i , -0.034669864-0.009997133i , +0.006065369-0.012411381i },
            { -0.074100559-0.197451187i , -0.178985866-0.175696469i , +0.057592248+0.007855779i , +0.555195222+0.000000000i , -0.315210628-0.139369173i , +0.073424916-0.109631584i },
            { +0.091636046+0.093501124i , +0.145723369+0.054820870i , -0.034669864+0.009997133i , -0.315210628+0.139369173i , +0.213945492+0.000000000i , -0.014166283+0.080674704i },
            { +0.029189840-0.040745305i , +0.011022892-0.058579398i , +0.006065369+0.012411381i , +0.073424916+0.109631584i , -0.014166283-0.080674704i , +0.031358903+0.000000000i } }

A[0][2] = { { +0.612753228+0.000000000i , +0.166121996+0.182662390i , +0.166628542+0.018466943i , +0.234531329-0.070546953i , -0.026078968+0.277996742i , +0.073812336+0.069470220i },
            { +0.166121996-0.182662390i , +0.613044293+0.000000000i , -0.124896106+0.025574297i , -0.011766128-0.205612665i , -0.285191907-0.066446252i , -0.146822058-0.101412674i },
            { +0.166628542-0.018466943i , -0.124896106-0.025574297i , +0.909851551+0.000000000i , -0.154815754-0.036865324i , -0.021426461-0.075711084i , -0.072032634-0.030911889i },
            { +0.234531329+0.070546953i , -0.011766128+0.205612665i , -0.154815754+0.036865324i , +0.308569018+0.000000000i , +0.204735788+0.070085857i , -0.172767458+0.094620087i },
            { -0.026078968-0.277996742i , -0.285191907+0.066446252i , -0.021426461+0.075711084i , +0.204735788-0.070085857i , +0.661235077+0.000000000i , -0.074025672-0.042326557i },
            { +0.073812336-0.069470220i , -0.146822058+0.101412674i , -0.072032634+0.030911889i , -0.172767458-0.094620087i , -0.074025672+0.042326557i , +0.894546822+0.000000000i } }

A[1][0] = { { +0.351526418+0.000000000i , -0.297092234-0.158289647i , -0.133568766-0.022576668i , -0.114019171-0.033336403i , +0.015826923-0.272498419i , -0.029714662-0.082372913i },
            { -0.297092234+0.158289647i , +0.322363874+0.000000000i , +0.123051634-0.041064337i , +0.111374336-0.023167723i , +0.109327845+0.237428550i , +0.062205215+0.056237117i },
            { -0.133568766+0.022576668i , +0.123051634+0.041064337i , +0.052201852+0.000000000i , +0.045464650+0.005343921i , +0.011487398+0.104557151i , +0.016580991+0.029390652i },
            { -0.114019171+0.033336403i , +0.111374336+0.023167723i , +0.045464650-0.005343921i , +0.040144055+0.000000000i , +0.020708386+0.089887014i , +0.017449776+0.023900086i },
            { +0.015826923+0.272498419i , +0.109327845-0.237428550i , +0.011487398-0.104557151i , +0.020708386-0.089887014i , +0.211949612+0.000000000i , +0.062516487-0.026743110i },
            { -0.029714662+0.082372913i , +0.062205215-0.056237117i , +0.016580991-0.029390652i , +0.017449776-0.023900086i , +0.062516487+0.026743110i , +0.021814186+0.000000000i } }

A[1][1] = { { +0.005009063+0.000000000i , +0.038845296+0.003207686i , -0.007426011-0.017694391i , -0.006717341-0.018863810i , -0.033411010-0.018103742i , -0.011222356-0.033548935i },
            { +0.038845296-0.003207686i , +0.303299994+0.000000000i , -0.068919947-0.132464828i , -0.064173064-0.141987510i , -0.270696139-0.118999205i , -0.108513513-0.252985997i },
            { -0.007426011+0.017694391i , -0.068919947+0.132464828i , +0.073514333+0.000000000i , +0.076594645+0.004237052i , +0.113483592-0.091184640i , +0.135148346+0.010094154i },
            { -0.006717341+0.018863810i , -0.064173064+0.141987510i , +0.076594645-0.004237052i , +0.080048277+0.000000000i , +0.112983192-0.101546092i , +0.141393001+0.002727736i },
            { -0.033411010+0.018103742i , -0.270696139+0.118999205i , +0.113483592+0.091184640i , +0.112983192+0.101546092i , +0.288286242+0.000000000i , +0.196107231+0.183215673i },
            { -0.011222356+0.033548935i , -0.108513513+0.252985997i , +0.135148346-0.010094154i , +0.141393001-0.002727736i , +0.196107231-0.183215673i , +0.249842088+0.000000000i } }

A[1][2] = { { +0.643464516+0.000000000i , +0.258246938+0.155081961i , +0.140994777+0.040271059i , +0.120736512+0.052200213i , +0.017584087+0.290602161i , +0.040937018+0.115921848i },
            { +0.258246938-0.155081961i , +0.374336129+0.000000000i , -0.054131687+0.173529165i , -0.047201272+0.165155233i , +0.161368295-0.118429345i , +0.046308298+0.196748880i },
            { +0.140994777-0.040271059i , -0.054131687-0.173529165i , +0.874283812+0.000000000i , -0.122059296-0.009580972i , -0.124970990-0.013372510i , -0.151729336-0.039484806i },
            { +0.120736512-0.052200213i , -0.047201272-0.165155233i , -0.122059296+0.009580972i , +0.879807665+0.000000000i , -0.133691577+0.011659078i , -0.158842777-0.026627822i },
            { +0.017584087-0.290602161i , +0.161368295+0.118429345i , -0.124970990+0.013372510i , -0.133691577-0.011659078i , +0.499764143+0.000000000i , -0.258623719-0.156472563i },
            { +0.040937018-0.115921848i , +0.046308298-0.196748880i , -0.151729336+0.039484806i , -0.158842777+0.026627822i , -0.258623719+0.156472563i , +0.728343723+0.000000000i } }

A[2][0] = { { +0.191265591+0.000000000i , -0.157813503-0.175259975i , -0.115066292-0.044740571i , -0.121855729-0.026243951i , -0.019714893-0.229436795i , -0.083656321-0.090851821i },
            { -0.157813503+0.175259975i , +0.290805914+0.000000000i , +0.135937914-0.068521731i , +0.124591122-0.090004591i , +0.226503693+0.171243522i , +0.152274043-0.001693767i },
            { -0.115066292+0.044740571i , +0.135937914+0.068521731i , +0.079690102+0.000000000i , +0.079447935-0.012715828i , +0.065530096+0.133418592i , +0.071579966+0.035088125i },
            { -0.121855729+0.026243951i , +0.124591122+0.090004591i , +0.079447935+0.012715828i , +0.081235559+0.000000000i , +0.044041910+0.143469563i , +0.065763592+0.046403234i },
            { -0.019714893+0.229436795i , +0.226503693-0.171243522i , +0.065530096-0.133418592i , +0.044041910-0.143469563i , +0.277258032+0.000000000i , +0.117606236-0.090987108i },
            { -0.083656321+0.090851821i , +0.152274043+0.001693767i , +0.071579966-0.035088125i , +0.065763592-0.046403234i , +0.117606236+0.090987108i , +0.079744800+0.000000000i } }

A[2][1] = { { +0.625177327+0.000000000i , -0.057697763+0.152596520i , -0.020631212+0.081404466i , +0.117614417-0.177769486i , +0.015415301+0.318884756i , +0.230101401-0.018884109i },
            { -0.057697763-0.152596520i , +0.042571498+0.000000000i , +0.021773681-0.002477061i , -0.054245561-0.012301546i , +0.076412357-0.033192601i , -0.025845447-0.054421522i },
            { -0.020631212-0.081404466i , +0.021773681+0.002477061i , +0.011280553+0.000000000i , -0.027028744-0.009448100i , +0.041013331-0.012530614i , -0.010052384-0.029338362i },
            { +0.117614417+0.177769486i , -0.054245561+0.012301546i , -0.027028744+0.009448100i , +0.072675623+0.000000000i , -0.087774968+0.064375035i , +0.048658609+0.061876785i },
            { +0.015415301-0.318884756i , +0.076412357+0.033192601i , +0.041013331+0.012530614i , -0.087774968-0.064375035i , +0.163033947+0.000000000i , -0.003958517-0.117833661i },
            { +0.230101401+0.018884109i , -0.025845447+0.054421522i , -0.010052384+0.029338362i , +0.048658609-0.061876785i , -0.003958517+0.117833661i , +0.085261049+0.000000000i } }

A[2][2] = { { +0.183557079+0.000000000i , +0.215511266+0.022663455i , +0.135697504-0.036663895i , +0.004241312+0.204013437i , +0.004299592-0.089447961i , -0.146445080+0.109735930i },
            { +0.215511266-0.022663455i , +0.666622586+0.000000000i , -0.157711595+0.070998791i , -0.070345561+0.102306137i , -0.302916050-0.138050920i , -0.126428596+0.056115289i },
            { +0.135697504+0.036663895i , -0.157711595-0.070998791i , +0.909029342+0.000000000i , -0.052419191+0.022163927i , -0.106543428-0.120887978i , -0.061527582-0.005749763i },
            { +0.004241312-0.204013437i , -0.070345561-0.102306137i , -0.052419191-0.022163927i , +0.846088815+0.000000000i , +0.043733058-0.207844598i , -0.114422201-0.108280020i },
            { +0.004299592+0.089447961i , -0.302916050+0.138050920i , -0.106543428+0.120887978i , +0.043733058+0.207844598i , +0.559708018+0.000000000i , -0.113647719+0.208820769i },
            { -0.146445080-0.109735930i , -0.126428596-0.056115289i , -0.061527582+0.005749763i , -0.114422201+0.108280020i , -0.113647719-0.208820769i , +0.834994149+0.000000000i } }

A[3][0] = { { +0.425044259+0.000000000i , -0.223585132-0.225970688i , -0.083138059+0.024635780i , -0.154966028-0.034136010i , -0.087889326-0.262724350i , -0.118826947-0.140575518i },
            { -0.223585132+0.225970688i , +0.237747176+0.000000000i , +0.030635557-0.057158661i , +0.099664532-0.064429706i , +0.185907115+0.091474821i , +0.137241913+0.010773441i },
            { -0.083138059-0.024635780i , +0.030635557+0.057158661i , +0.017689594+0.000000000i , +0.028332594+0.015658862i , +0.001963393+0.056482620i , +0.015094559+0.034383644i },
            { -0.154966028+0.034136010i , +0.099664532+0.064429706i , +0.028332594-0.015658862i , +0.059240295+0.000000000i , +0.053143219+0.088727602i , +0.054612730+0.041708955i },
            { -0.087889326+0.262724350i , +0.185907115-0.091474821i , +0.001963393-0.056482620i , +0.053143219-0.088727602i , +0.180566202+0.000000000i , +0.111461881-0.044380427i },
            { -0.118826947+0.140575518i , +0.137241913-0.010773441i , +0.015094559-0.034383644i , +0.054612730-0.041708955i , +0.111461881+0.044380427i , +0.079712472+0.000000000i } }

A[3][1] = { { +0.063439446+0.000000000i , +0.065345687-0.057748849i , +0.209819574+0.021219884i , +0.024259130+0.024490467i , -0.026799938+0.051882054i , -0.051538778-0.008990399i },
            { +0.065345687+0.057748849i , +0.119877936+0.000000000i , +0.196807851+0.212856040i , +0.002694422+0.047309420i , -0.074833409+0.029045059i , -0.044903480-0.056176244i },
            { +0.209819574-0.021219884i , +0.196807851-0.212856040i , +0.701055035+0.000000000i , +0.088426455+0.072885320i , -0.071284058+0.180558997i , -0.173466549-0.012495625i },
            { +0.024259130-0.024490467i , +0.002694422-0.047309420i , +0.088426455-0.072885320i , +0.018731086+0.000000000i , +0.009780549+0.030185577i , -0.023179036+0.016458366i },
            { -0.026799938-0.051882054i , -0.074833409-0.029045059i , -0.071284058-0.180558997i , +0.009780549-0.030185577i , +0.053751812+0.000000000i , +0.014419981+0.045947441i },
            { -0.051538778+0.008990399i , -0.044903480+0.056176244i , -0.173466549+0.012495625i , -0.023179036-0.016458366i , +0.014419981-0.045947441i , +0.043144683+0.000000000i } }

A[3][2] = { { +0.511516293+0.000000000i , +0.158239445+0.283719537i , -0.126681515-0.045855664i , +0.130706898+0.009645543i , +0.114689264+0.210842296i , +0.170365726+0.149565917i },
            { +0.158239445-0.283719537i , +0.642374885+0.000000000i , -0.227443408-0.155697379i , -0.102358954+0.017120285i , -0.111073706-0.120519881i , -0.092338433+0.045402804i },
            { -0.126681515+0.045855664i , -0.227443408+0.155697379i , +0.281255368+0.000000000i , -0.116759049-0.088544181i , +0.069320666-0.237041617i , +0.158371990-0.021888018i },
            { +0.130706898-0.009645543i , -0.102358954-0.017120285i , -0.116759049+0.088544181i , +0.922028616+0.000000000i , -0.062923768-0.118913179i , -0.031433694-0.058167321i },
            { +0.114689264-0.210842296i , -0.111073706+0.120519881i , +0.069320666+0.237041617i , -0.062923768+0.118913179i , +0.765681983+0.000000000i , -0.125881863-0.001567014i },
            { +0.170365726-0.149565917i , -0.092338433-0.045402804i , +0.158371990+0.021888018i , -0.031433694+0.058167321i , -0.125881863+0.001567014i , +0.877142843+0.000000000i } }

A[4][0] = { { +0.383873660+0.000000000i , -0.222352983-0.183742693i , -0.223563386-0.076431822i , -0.105339777+0.008895201i , -0.036545683-0.214301293i , -0.104946431-0.167451546i },
            { -0.222352983+0.183742693i , +0.216743801+0.000000000i , +0.166080104-0.062737558i , +0.056758738-0.055573726i , +0.123744721+0.106638029i , +0.140939998+0.046760730i },
            { -0.223563386+0.076431822i , +0.166080104+0.062737558i , +0.145418726+0.000000000i , +0.059577527-0.026154314i , +0.063952595+0.117530001i , +0.094460260+0.076626220i },
            { -0.105339777-0.008895201i , +0.056758738+0.055573726i , +0.059577527+0.026154314i , +0.029112697+0.000000000i , +0.005062757+0.059653823i , +0.024918407+0.048382660i },
            { -0.036545683+0.214301293i , +0.123744721-0.106638029i , +0.063952595-0.117530001i , +0.005062757-0.059653823i , +0.123115084+0.000000000i , +0.103472649-0.042645607i },
            { -0.104946431+0.167451546i , +0.140939998-0.046760730i , +0.094460260-0.076626220i , +0.024918407-0.048382660i , +0.103472649+0.042645607i , +0.101736030+0.000000000i } }

A[4][1] = { { +0.005566321+0.000000000i , +0.019473201+0.009963551i , -0.034020052-0.010465587i , +0.035351949+0.026399904i , +0.016683562+0.027449049i , -0.017529386-0.022453742i },
            { +0.019473201-0.009963551i , +0.085959579+0.000000000i , -0.137748972+0.024282148i , +0.170930458+0.029078454i , +0.107498865+0.066164679i , -0.101516464-0.047175110i },
            { -0.034020052+0.010465587i , -0.137748972-0.024282148i , +0.227600058+0.000000000i , -0.265699422-0.094882812i , -0.153574969-0.136394594i , +0.149352483+0.104274143i },
            { +0.035351949-0.026399904i , +0.170930458-0.029078454i , -0.265699422+0.094882812i , +0.349731630+0.000000000i , +0.236143552+0.095203580i , -0.217823743-0.059466581i },
            { +0.016683562-0.027449049i , +0.107498865-0.066164679i , -0.153574969+0.136394594i , +0.236143552-0.095203580i , +0.185363582+0.000000000i , -0.163265493+0.019143111i },
            { -0.017529386+0.022453742i , -0.101516464+0.047175110i , +0.149352483-0.104274143i , -0.217823743+0.059466581i , -0.163265493-0.019143111i , +0.145778827+0.000000000i } }

A[4][2] = { { +0.610560016+0.000000000i , +0.202879782+0.173779142i , +0.257583438+0.086897409i , +0.069987828-0.035295105i , +0.019862121+0.186852244i , +0.122475817+0.189905288i },
            { +0.202879782-0.173779142i , +0.697296617+0.000000000i , -0.028331133+0.038455410i , -0.227689196+0.026495272i , -0.231243586-0.172802707i , -0.039423535+0.000414380i },
            { +0.257583438-0.086897409i , -0.028331133-0.038455410i , +0.626981213+0.000000000i , +0.206121895+0.121037126i , +0.089622375+0.018864592i , -0.243812743-0.180900363i },
            { +0.069987828+0.035295105i , -0.227689196-0.026495272i , +0.206121895-0.121037126i , +0.621155670+0.000000000i , -0.241206309-0.154857403i , +0.192905337+0.011083921i },
            { +0.019862121-0.186852244i , -0.231243586+0.172802707i , +0.089622375-0.018864592i , -0.241206309+0.154857403i , +0.691521332+0.000000000i , +0.059792844+0.023502496i },
            { +0.122475817-0.189905288i , -0.039423535-0.000414380i , -0.243812743+0.180900363i , +0.192905337-0.011083921i , +0.059792844-0.023502496i , +0.752485140+0.000000000i } }

A[5][0] = { { +0.379862649+0.000000000i , -0.164612393-0.243137779i , -0.196342575-0.066653673i , -0.143899799-0.083169866i , -0.062127318-0.268552854i , -0.016660160-0.049782144i },
            { -0.164612393+0.243137779i , +0.226958945+0.000000000i , +0.127747357-0.096788346i , +0.115592906-0.056064175i , +0.198814689+0.076610929i , +0.039083568+0.010909314i },
            { -0.196342575+0.066653673i , +0.127747357+0.096788346i , +0.113180718+0.000000000i , +0.088972250+0.017738874i , +0.079234619+0.127907671i , +0.017346436+0.022807965i },
            { -0.143899799+0.083169866i , +0.115592906+0.056064175i , +0.088972250-0.017738874i , +0.072722045+0.000000000i , +0.082334008+0.088130754i , +0.017210876+0.015210804i },
            { -0.062127318+0.268552854i , +0.198814689-0.076610929i , +0.079234619-0.127907671i , +0.082334008-0.088130754i , +0.200020846+0.000000000i , +0.037919465-0.003636319i },
            { -0.016660160+0.049782144i , +0.039083568-0.010909314i , +0.017346436-0.022807965i , +0.017210876-0.015210804i , +0.037919465+0.003636319i , +0.007254794+0.000000000i } }

A[5][1] = { { +0.058972633+0.000000000i , +0.053049105+0.108230862i , +0.004130216-0.059029929i , +0.028428848-0.005822025i , -0.023594843-0.063270445i , -0.107679827+0.143067201i },
            { +0.053049105-0.108230862i , +0.246353746+0.000000000i , -0.104620680-0.060680717i , +0.014888289-0.057411918i , -0.137343397-0.013612256i , +0.165703463+0.326318643i },
            { +0.004130216+0.059029929i , -0.104620680+0.060680717i , +0.059376573+0.000000000i , +0.007818728+0.028048718i , +0.061679439-0.028048989i , -0.150747701-0.097764597i },
            { +0.028428848+0.005822025i , +0.014888289+0.057411918i , +0.007818728-0.028048718i , +0.014279449+0.000000000i , -0.005128006-0.032830076i , -0.066033257+0.058337584i },
            { -0.023594843+0.063270445i , -0.137343397+0.013612256i , +0.061679439+0.028048989i , -0.005128006+0.032830076i , +0.077321761+0.000000000i , -0.110411188-0.172768289i },
            { -0.107679827-0.143067201i , +0.165703463-0.326318643i , -0.150747701+0.097764597i , -0.066033257-0.058337584i , -0.110411188+0.172768289i , +0.543695836+0.000000000i } }

A[5][2] = { { +0.561164715+0.000000000i , +0.111563288+0.134906916i , +0.192212359+0.125683601i , +0.115470951+0.088991892i , +0.085722161+0.331823299i , +0.124339986-0.093285058i },
